20140729	杭州	
20140730	宁波	
20140731	温州	
20140801	嘉兴	
20140802	湖州	
20140803	绍兴	
20140804	金华	
20140805	衢州	
20140806	丽水	
20140807	台州	
20140808	舟山	
20140809	杭州	
20140810	宁波	
20140811	温州	
20140812	嘉兴	
20140813	湖州	
20140814	绍兴	
20140815	金华	
20140816	衢州	
20140817	丽水	
20140818	台州	
20140819	舟山	
20140820	杭州	
20140821	宁波	
20140822	温州	
20140823	嘉兴	
20140824	湖州	
20140825	绍兴	
20140826	金华	
20140827	衢州	
20140828	丽水	
20140829	台州	
20140830	舟山	
20140831	杭州	
20140901	宁波	0	0	0	0	0	0	0	0	0	0	0	0	0	0	0	0	0	0	0	0	0	0	0	0	0	0	0	0	0	0	0	0	0	0	0	0	0
20140902	温州	0	0	0	0	0	0	0	0	0	0	0	0	0	0	0	0	0	0	0	0	0	0	0	0	0	0	0	0	0	0	0	0	0	0	0	0	0
20140903	嘉兴	0	0	0	0	0	0	0	0	0	0	0	0	0	0	0	0	0	0	0	0	0	0	0	0	0	0	0	0	0	0	0	0	0	0	0	0	0
20140904	湖州	0	2	2	2	3	8	8	8	9	9	11	12	13	14	14	14	14	14	14	14	14	14	14	14	14	14	14	14	14	14	14	14	14	14	14	14	14
20140905	绍兴	0	2	2	2	3	8	8	8	9	9	11	12	13	14	14	14	14	14	14	14	14	14	14	14	14	14	14	14	14	14	14	14	14	14	14	14	14
20140906	金华	
20140907	衢州	
20140908	丽水	
20140909	台州	0	0	0	2	4	8	13	13	15	15	16	16	16	16	16	16	16	16	17	17	18	18	18	18	19	23	23	24	26	28	27	28	32	33	43	105	108
20140910	舟山	0	0	0	0	0	0	0	0	0	0	0	0	0	0	0	0	0	0	0	0	0	0	0	0	0	0	0	0	0	0	0	3	5	6	6	8	10
20140911	杭州	0	0	0	0	0	4	11	11	17	24	28	34	37	41	44	44	44	44	44	44	44	44	44	44	44	45	52	79	85	86	97	108	142	151	176	222	248
20140912	宁波	0	0	3	3	3	7	9	9	13	13	20	28	39	39	39	39	39	39	39	39	39	39	39	41	66	75	80	89	152	162	174	189	204	296	346	410	499
20140913	温州	
20140914	嘉兴	
20140915	湖州	0	0	0	5	5	5	5	5	5	5	6	9	9	9	10	11	11	11	11	11	11	11	11	11	11	11	17	28	31	31	32	60	83	95	98	98	125
20140916	绍兴	0	0	0	10	18	23	35	35	35	35	41	48	48	48	55	55	55	55	55	55	55	55	55	55	60	81	83	84	95	128	128	128	128	128	128	128	128
20140917	金华	0	1	11	12	23	27	27	27	27	27	27	27	27	27	133	134	134	134	134	134	134	134	134	134	134	226	226	268	282	295	307	307	307	307	307	307	307
20140918	衢州	0	0	0	0	3	5	6	7	11	11	11	30	30	38	45	46	46	46	46	46	47	47	47	47	54	56	57	57	66	104	104	104	105	112	129	129	137
20140919	丽水	0	0	2	2	4	4	4	4	5	12	12	13	13	13	13	14	14	14	14	14	14	14	14	14	14	15	17	17	17	17	25	58	71	71	71	71	71
20140920	台州	
20140921	舟山	
20140922	杭州	0	0	0	7	8	8	49	64	110	111	164	235	235	375	375	375	375	407	413	413	413	413	431	436	486	670	684	764	817	831	831	906	935	1002	1002	1002	1002
20140923	宁波	0	0	0	0	0	2	2	2	8	8	20	22	23	23	23	23	23	23	23	23	23	23	23	23	23	28	28	45	58	59	67	69	73	86	94	108	108
20140924	温州	0	0	1	2	3	3	3	3	42	46	52	53	53	53	53	53	53	53	53	53	53	53	53	53	53	60	66	71	73	77	80	83	96	117	150	160	189
20140925	嘉兴	0	0	1	1	1	6	9	12	14	14	14	15	15	15	15	15	15	15	15	15	15	15	15	15	15	15	15	27	27	27	30	36	41	41	44	44	44
20140926	湖州	0	0	0	0	0	0	0	0	0	1	1	1	1	1	2	2	7	7	7	7	7	7	7	7	8	8	10	46	46	49	50	53	57	72	74	76	76
20140927	绍兴	0	0	0	0	0	0	0	0	0	0	0	0	0	0	0	0	0	0	0	0	0	0	0	0	0	0	0	0	0	0	0	0	0	0	0	0	0
20140928	金华	
20140929	衢州	0	0	0	0	0	1	1	17	17	19	20	22	22	25	25	25	25	25	25	25	25	25	25	25	25	31	32	38	39	52	59	59	67	69	76	77	77
20140930	丽水	0	0	0	0	0	0	1	2	8	9	17	17	18	18	18	18	18	18	18	18	18	18	18	18	18	18	18	38	38	45	45	79	79	92	96	102	102
20141001	台州	
20141002	舟山	
20141003	杭州	
20141004	宁波	
20141005	温州	
20141006	嘉兴	
20141007	湖州	
20141008	绍兴	0	0	0	0	2	2	2	2	2	19	30	35	42	47	47	47	47	47	47	47	47	48	48	48	49	50	50	61	72	83	90	95	107	120	120	121	125
20141009	金华	0	8	50	101	101	101	118	119	121	122	122	125	127	127	130	130	130	130	130	132	133	133	133	135	135	135	135	144	156	158	172	195	224	229	237	252	253
20141010	衢州	0	0	0	2	3	3	3	3	8	11	11	13	13	13	16	16	16	16	16	16	16	16	16	16	16	16	19	28	34	44	45	47	48	55	59	70	72
20141011	丽水	0	0	0	9	10	12	12	12	12	12	12	14	18	18	18	19	22	23	23	23	23	23	23	23	23	23	23	24	24	24	24	24	34	42	50	62	87
20141012	台州	0	0	0	0	0	0	0	0	0	0	0	0	0	0	0	0	0	0	0	0	0	0	0	0	0	0	0	0	0	0	0	0	0	0	0	0	0
20141013	舟山	1	1	1	1	1	0	0	0	0	0	0	0	0	0	0	0	0	0	0	0	1	1	1	1	1	1	1	1	1	1	1	1	1	32	32	32	32
20141014	杭州	0	0	10	13	21	22	22	28	33	46	57	60	60	67	76	76	76	80	80	80	80	86	87	87	87	87	87	87	87	87	250	251	311	321	396	408	411
20141015	宁波	2	11	13	13	13	19	32	32	32	43	52	56	60	60	60	60	60	60	60	60	60	60	83	90	92	97	120	139	154	196	266	435	494	573	645	703	703
20141016	温州	0	0	9	9	9	9	9	16	17	18	21	24	31	32	33	33	33	33	33	33	33	33	33	37	39	43	45	53	83	87	95	97	103	117	132	195	212
20141017	嘉兴	0	7	10	11	13	13	13	13	13	28	30	35	50	60	60	60	60	60	60	61	61	61	64	89	98	132	206	206	238	302	381	395	409	435	448	454	454
20141018	湖州	
20141019	绍兴	
20141020	金华	191	193	199	201	205	209	233	237	237	237	237	241	271	272	279	279	282	282	282	299	299	296	297	297	301	329	344	370	375	406	451	497	542	557	570	607	629
20141021	衢州	0	4	4	4	4	8	12	15	15	38	38	43	47	50	50	50	50	50	50	50	50	56	57	59	66	66	72	73	75	78	98	105	125	136	159	172	172
20141022	丽水	0	0	0	2	2	13	14	18	22	27	31	33	34	35	48	48	48	48	48	48	48	48	48	48	48	48	48	48	48	48	48	48	130	150	154	219	225
20141023	台州	0	9	12	12	12	12	20	20	18	18	42	48	48	48	48	48	48	48	49	49	49	49	49	49	49	54	62	62	63	96	104	None	None	None	None	None	None
20141024	舟山	0	0	0	1	1	1	1	1	1	1	1	1	1	1	1	1	1	1	1	1	1	1	2	2	2	2	2	2	3	6	6	6	6	7	7	7	7
20141025	杭州	
20141026	宁波	
20141027	温州	4	4	4	4	4	4	5	5	5	6	6	5	15	21	21	21	22	22	22	22	23	23	23	24	25	32	32	48	49	57	58	67	75	109	144	171	172
20141028	嘉兴	0	0	0	0	0	3	3	3	5	5	6	7	7	7	7	7	7	7	7	7	7	12	20	34	38	39	41	58	70	78	78	86	94	102	114	114	114
20141029	湖州	0	0	0	0	0	0	0	0	6	6	6	6	6	6	6	6	6	6	6	6	6	6	6	6	28	38	38	38	38	38	57	60	64	64	111	143	148
20141030	绍兴	0	0	1	1	2	2	6	11	11	41	42	42	52	52	53	53	53	53	53	53	53	53	53	55	67	85	90	95	100	133	143	161	167	204	216	216	217
20141031	金华	4	4	20	26	31	34	41	56	58	62	88	89	91	91	91	96	96	96	96	96	98	126	131	133	164	204	225	275	315	345	374	386	393	453	477	477	477
20141101	衢州	
20141102	丽水	
20141103	台州	0	0	0	1	1	2	5	6	7	7	19	19	21	21	21	21	21	21	21	21	21	21	22	28	28	41	56	59	68	73	73	75	80	111	164	164	164
20141104	舟山	0	0	4	7	7	7	7	7	9	9	10	10	10	10	10	10	10	10	10	10	10	10	10	10	10	10	10	10	10	10	10	10	10	10	10	21	21
20141105	杭州	0	0	0	2	2	3	5	11	18	65	73	86	92	92	95	99	99	99	99	99	99	99	103	111	117	127	127	159	172	182	202	235	289	310	310	310	310
20141106	宁波	1	1	1	4	4	9	9	23	23	30	33	47	48	48	48	48	48	48	48	48	49	49	49	49	101	113	114	144	157	183	203	214	271	271	271	271	418
20141107	温州	0	0	0	5	6	10	13	22	25	27	37	37	38	42	47	47	47	47	47	47	49	49	50	53	96	96	97	108	113	117	147	166	193	203	203	360	383
20141108	嘉兴	0	0	1	10	50	50	50	50	50	50	50	50	50	58	58	58	58	58	58	58	58	58	58	58	58	58	58	58	58	103	103	117	129	130	130	130	130
20141109	湖州	
20141110	绍兴	0	0	11	39	40	44	46	46	46	46	47	47	56	56	79	79	79	79	79	79	79	79	79	81	81	128	129	155	167	171	191	201	212	257	263	263	264
20141111	金华	0	0	2	3	9	32	34	43	46	50	55	89	98	100	106	106	107	114	114	114	114	114	123	123	158	172	172	181	200	205	210	246	264	277	302	302	321
20141112	衢州	0	0	0	3	3	5	8	11	13	20	20	23	29	31	33	33	33	33	33	33	33	34	34	35	46	56	68	81	86	87	91	91	98	104	109	109	109
20141113	丽水	0	0	0	1	2	2	2	8	8	9	11	11	11	11	13	13	13	13	13	13	13	13	13	15	16	19	20	22	23	25	28	32	48	48	102	102	103
20141114	台州	0	2	2	2	2	11	12	14	28	30	33	33	41	86	87	87	87	87	87	87	87	87	87	96	96	108	118	130	139	175	177	299	318	368	415	487	500
20141115	舟山	
20141116	杭州	
20141117	宁波	0	0	1	3	9	9	9	9	9	9	9	9	71	71	71	71	71	71	71	71	71	79	89	92	105	115	124	140	169	199	223	223	223	223	223	223	223
20141118	温州	0	0	3	6	8	10	20	29	29	33	36	41	41	51	53	54	54	54	54	54	54	55	57	60	62	63	67	70	72	76	107	110	126	152	226	262	262
20141119	嘉兴	0	0	0	9	7	21	31	31	31	31	41	41	41	41	41	41	43	43	43	43	43	43	47	53	53	53	66	67	None	67	67	67	67	67	67	229	229
20141120	湖州	0	8	8	10	11	13	20	20	20	20	22	26	31	30	33	33	33	33	33	33	33	33	33	65	65	74	104	161	241	265	284	335	375	396	401	422	422
20141121	绍兴	0	0	31	57	71	106	123	132	170	173	179	192	206	291	308	327	327	327	327	327	327	327	327	410	495	512	559	654	720	934	977	977	1154	1260	1260	1260	1260
20141122	金华	
20141123	衢州	
20141124	丽水	0	0	1	1	4	4	10	10	10	11	16	19	19	25	26	26	26	26	26	26	26	26	26	26	27	29	29	30	30	40	40	41	57	57	59	61	61
20141125	台州	3	3	3	4	5	5	9	9	10	11	11	16	16	16	17	17	17	17	17	17	17	17	17	17	17	17	25	27	41	49	51	57	74	106	129	141	141
20141126	舟山	0	0	2	0	0	1	1	1	1	1	1	1	4	4	6	6	6	6	6	6	6	6	7	9	9	9	10	10	10	10	11	12	12	14	15	15	15
20141127	杭州	0	0	1	15	19	19	23	26	27	31	31	32	45	53	54	55	55	55	55	55	55	55	62	80	95	110	123	136	144	158	186	208	230	259	286	311	314
20141128	宁波	1	1	1	1	4	15	22	22	24	26	27	30	31	32	32	32	32	32	32	32	32	37	39	47	53	72	85	95	124	154	176	187	220	253	271	273	273
20141129	温州	4	4	4	8	12	17	18	22	24	24	24	37	40	41	41	41	41	43	44	44	44	44	44	46	46	47	64	70	77	87	119	124	128	167	183	186	193
20141130	嘉兴	0	1	1	1	1	1	1	1	1	4	4	8	8	9	9	9	9	9	9	9	9	11	22	28	65	66	69	74	83	115	117	135	137	152	178	178	178
20141201	湖州	0	0	0	0	0	0	0	0	0	1	1	1	1	1	12	12	12	12	12	12	12	12	13	13	13	16	16	16	26	32	32	33	51	61	61	66	66
20141202	绍兴	0	1	1	1	1	1	1	1	1	2	15	15	15	15	15	15	15	15	15	15	15	15	15	15	25	42	52	75	104	126	156	183	218	225	232	251	251
20141203	金华	0	0	4	4	5	5	5	9	24	29	61	63	69	69	69	75	75	75	75	75	75	87	87	87	87	91	134	157	198	216	254	261	300	337	342	346	351
20141204	衢州	0	0	8	14	18	18	19	19	22	26	27	27	27	27	29	29	29	29	29	29	29	29	29	29	29	34	38	40	40	45	55	56	87	95	107	107	107
20141205	丽水	0	0	0	0	1	4	11	10	10	11	15	18	19	20	20	27	27	27	27	27	27	27	27	31	34	34	42	55	61	65	65	90	93	101	101	175	175
20141206	台州	
20141207	舟山	
20141208	杭州	0	0	0	0	7	10	12	25	27	60	68	74	96	115	119	122	122	122	122	122	122	125	140	152	158	159	176	179	190	256	295	329	387	412	439	448	458
20141209	宁波	0	1	1	1	2	2	6	13	13	19	23	31	34	35	35	35	35	35	35	35	35	41	43	44	46	57	93	95	125	148	149	149	149	149	149	149	149
20141210	温州	3	3	3	3	3	3	3	3	10	14	21	23	25	26	29	29	29	29	29	31	34	38	38	38	41	48	48	59	67	73	106	142	146	219	241	246	294
20141211	嘉兴	0	9	12	16	24	35	35	37	43	49	49	50	53	53	53	53	53	53	53	53	53	53	53	54	54	56	131	146	153	161	165	180	214	218	219	223	223
20141212	湖州	0	0	0	0	0	0	0	1	1	6	9	9	9	9	9	9	9	9	9	9	9	9	9	30	30	30	56	61	82	100	101	124	154	156	166	166	169
20141213	绍兴	0	0	0	0	3	8	38	45	45	46	70	89	96	117	142	142	142	142	142	142	142	142	142	142	142	147	154	163	185	202	202	205	215	215	215	215	215
20141214	金华	
20141215	衢州	0	0	0	0	5	5	5	11	11	19	19	19	19	19	19	19	19	28	28	28	28	30	30	30	30	44	55	56	56	63	67	80	83	83	100	107	107
20141216	丽水	0	0	0	4	5	8	11	11	12	15	18	19	19	21	29	32	32	32	32	32	32	32	32	34	36	37	39	39	39	39	39	39	39	39	39	39	39
20141217	台州	0	0	0	2	2	2	4	4	4	4	4	4	4	4	4	4	23	23	23	23	23	23	23	24	25	37	37	38	40	48	73	74	79	141	181	209	235
20141218	舟山	0	0	0	0	0	0	1	1	1	1	7	7	7	7	7	7	7	7	7	7	7	7	7	12	12	12	12	16	16	17	18	18	19	25	31	31	31
20141219	杭州	0	0	18	34	58	73	66	78	94	128	282	282	459	459	481	481	484	484	484	484	484	477	597	633	645	903	1021	1068	1269	1344	1434	1496	1667	1794	2006	2087	2194
20141220	宁波	
20141221	温州	
20141222	嘉兴	0	14	21	27	27	27	28	60	62	62	115	119	139	160	172	172	172	172	172	172	174	176	184	223	249	356	384	428	489	546	685	784	876	906	973	1017	1078
20141223	湖州	0	0	0	0	0	0	0	0	0	0	0	0	0	0	0	0	0	0	0	0	0	0	0	1	1	1	5	5	5	5	7	7	8	10	11	11	11
20141224	绍兴	0	0	0	0	0	1	2	2	2	9	10	11	12	12	12	12	12	12	12	12	12	12	12	12	24	24	24	24	25	26	32	36	36	52	52	52	52
20141225	金华	0	2	2	3	3	3	4	6	6	6	6	6	6	6	6	6	6	6	6	6	7	9	9	9	9	9	9	9	24	26	28	29	42	63	71	73	78
20141226	衢州	0	0	0	0	0	0	0	0	0	0	0	0	0	1	1	5	5	5	5	5	5	5	5	5	5	5	5	5	5	13	14	16	22	31	31	32	32
20141227	丽水	0	0	0	0	0	0	0	0	0	0	0	0	0	0	0	0	0	0	0	0	0	0	0	0	0	0	0	0	0	0	0	0	0	0	0	0	0
20141228	台州	0	0	0	0	0	0	0	0	0	0	0	0	0	0	0	0	0	0	0	0	0	0	0	0	0	0	0	0	0	0	0	0	0	0	0	0	0
20141229	舟山	0	0	0	0	0	0	0	0	0	0	0	0	0	0	0	0	0	0	0	0	0	1	1	1	1	1	1	1	1	1	2	2	2	2	4	4	4
20141230	杭州	0	0	0	0	1	1	5	10	10	10	11	11	13	15	15	15	15	15	15	15	15	15	15	17	17	24	24	27	29	35	38	69	76	78	110	119	127
20141231	宁波	0	0	0	2	7	7	10	15	17	17	36	53	65	65	65	65	65	65	65	65	65	79	84	93	99	105	121	181	266	275	314	364	417	500	536	551	567
20150101	温州	0	0	0	0	0	0	0	0	0	0	0	0	0	0	0	0	0	0	0	0	0	0	0	0	0	0	0	0	0	0	0	0	0	0	0	0	0
20150102	嘉兴	
20150103	湖州	
20150104	绍兴	0	0	0	0	0	0	0	0	0	0	0	7	10	10	10	10	10	10	10	10	10	10	10	10	21	21	21	32	33	33	33	66	79	84	None	92	93
20150105	金华	0	0	1	1	4	5	5	5	6	7	7	7	7	8	8	8	8	8	8	8	8	8	8	19	103	107	110	112	115	117	124	130	135	139	150	161	162
20150106	衢州	0	0	1	1	1	1	1	1	2	2	2	2	2	2	2	2	2	2	2	2	2	2	2	2	4	5	6	6	6	7	7	18	20	21	21	23	26
20150107	丽水	0	0	0	0	0	0	1	5	5	5	10	10	31	31	32	32	32	32	32	32	32	32	32	32	32	33	33	34	40	40	40	44	47	51	51	53	53
20150108	台州	0	0	0	4	7	7	7	7	7	7	7	13	16	16	19	19	19	19	19	19	19	19	22	23	28	29	29	31	32	36	47	55	66	None	115	139	140
20150109	舟山	0	0	0	0	0	0	0	0	0	0	0	0	5	5	5	5	5	5	5	5	5	5	5	6	9	9	9	9	9	9	10	13	13	13	16	17	18
20150110	杭州	0	0	0	0	0	0	0	0	0	0	0	0	0	0	0	0	0	0	0	0	0	0	0	0	0	0	0	0	0	0	0	0	0	0	0	0	0
20150111	宁波	
20150112	温州	0	0	2	2	2	2	5	5	7	21	21	21	22	22	22	22	22	22	22	22	22	22	22	22	22	23	23	23	25	42	61	81	83	113	142	160	160
20150113	嘉兴	0	0	33	63	79	100	109	109	109	115	115	115	127	127	127	127	127	127	127	127	127	127	127	127	127	127	131	131	138	138	145	145	151	162	163	181	183
20150114	湖州	0	0	0	0	1	4	4	4	4	4	4	7	7	8	8	8	8	8	9	9	9	9	9	9	10	23	23	26	26	27	27	31	82	87	110	112	112
20150115	绍兴	0	3	17	19	22	22	22	24	24	27	27	28	28	44	52	52	52	52	52	52	52	52	52	52	62	78	90	112	118	124	127	135	163	207	291	300	300
20150116	金华	0	0	0	10	21	25	36	36	39	45	50	56	70	70	70	70	70	70	70	70	98	98	98	98	98	98	98	98	238	238	238	238	238	387	388	388	388
20150117	衢州	
20150118	丽水	
20150119	台州	0	0	0	6	17	23	32	38	66	68	67	70	78	80	83	83	83	83	83	83	83	83	83	83	106	122	132	134	134	164	164	177	191	202	259	261	241
20150120	舟山	0	1	3	3	3	3	3	3	6	6	6	6	6	6	6	6	6	6	6	6	6	6	6	6	6	6	7	7	8	9	9	9	10	10	10	10	10
20150121	杭州	0	0	5	11	52	52	52	52	52	52	314	348	364	398	409	409	409	409	409	409	409	410	425	461	490	510	516	547	588	628	731	816	1024	1108	1152	1317	1339
20150122	宁波	0	5	10	15	17	21	28	55	86	112	128	146	167	173	174	174	174	174	174	174	174	175	195	224	310	336	394	432	461	463	546	585	661	772	842	842	980
20150123	温州	13	13	13	13	13	53	65	56	59	59	65	84	91	91	94	95	94	94	94	94	94	94	94	94	94	96	105	109	132	141	141	143	161	170	190	203	203
20150124	嘉兴	
20150125	湖州	0	0	0	0	0	0	0	0	0	0	0	0	0	0	0	0	0	0	0	0	0	0	0	0	0	0	0	0	0	0	0	0	0	0	0	0	0
20150126	绍兴	0	0	0	1	1	1	6	6	6	6	6	6	6	6	6	6	7	7	7	7	7	7	7	7	7	10	10	12	14	14	17	21	38	48	57	58	58
20150127	金华	0	0	0	1	3	13	19	19	20	20	22	22	25	25	31	32	33	34	34	34	34	34	35	38	41	47	57	59	84	86	99	113	136	170	176	183	184
20150128	衢州	0	0	0	0	0	5	7	7	7	7	7	7	7	7	7	18	18	18	18	18	18	18	18	19	21	21	25	29	29	41	42	53	55	56	57	72	72
20150129	丽水	0	3	5	5	6	6	6	7	14	14	14	15	17	17	20	20	20	20	20	20	20	20	20	20	28	37	37	40	40	42	43	46	49	50	75	84	84
20150130	台州	2	2	4	7	7	16	16	16	20	20	24	38	47	53	60	73	73	73	73	73	73	73	73	73	77	77	77	93	99	100	107	109	146	157	241	258	None
20150131	舟山	0	0	4	4	4	6	6	6	6	7	7	7	7	7	7	7	7	7	7	7	7	7	7	7	7	7	7	7	8	9	12	12	12	16	17	18	None
20150201	杭州	0	0	1	1	1	10	10	11	11	12	15	28	36	54	54	54	54	54	54	54	54	55	66	95	102	135	186	228	259	282	296	325	390	436	482	495	None
20150202	宁波	0	0	0	0	3	4	6	9	9	9	11	18	17	17	17	17	17	17	17	17	17	45	45	49	65	70	77	88	94	107	126	154	273	291	337	349	351
20150203	温州	1	1	4	4	4	4	8	13	14	17	17	18	18	18	18	18	18	18	18	18	18	18	18	18	19	30	45	46	56	58	67	78	102	143	147	155	155
20150204	嘉兴	0	0	0	0	0	3	9	9	9	21	28	33	33	33	33	35	35	35	35	35	35	35	35	39	43	46	46	46	46	54	54	59	66	73	78	78	78
20150205	湖州	0	2	2	19	19	19	19	19	19	20	20	20	23	23	23	23	23	23	29	29	29	40	41	41	41	42	42	42	53	67	91	93	97	121	159	159	159
20150206	绍兴	0	0	1	None	14	29	52	65	81	81	81	84	93	97	112	112	112	112	112	112	112	112	112	112	112	135	155	155	155	220	248	294	314	342	374	387	390
20150207	金华	
20150208	衢州	
20150209	丽水	0	0	0	0	1	13	13	13	15	17	17	18	19	21	22	26	26	26	26	26	39	39	39	40	42	45	46	46	None	51	None	None	64	74	74	80	81
20150210	台州	0	0	9	10	10	10	10	10	14	14	14	14	14	14	14	14	69	69	69	69	69	69	69	69	70	103	103	103	105	127	131	131	131	134	165	194	246
20150211	舟山	0	1	1	1	1	1	1	1	2	2	3	3	3	3	3	3	3	3	3	3	3	3	3	6	6	7	7	7	7	7	7	7	10	14	16	18	18
20150212	杭州	0	0	31	64	64	64	71	80	85	81	90	104	120	130	130	130	130	130	130	130	131	134	134	151	158	164	174	187	224	249	272	304	355	407	479	547	556
20150213	宁波	1	1	4	6	13	26	28	33	41	54	57	90	96	102	102	102	102	102	104	104	104	117	136	152	158	159	183	192	243	258	301	337	383	452	499	513	516
20150214	温州	0	0	0	0	0	2	2	2	2	2	2	2	2	9	9	9	9	9	9	9	9	9	9	9	9	9	10	10	10	10	10	10	10	16	16	16	16
20150215	嘉兴	0	0	0	0	3	3	11	11	11	49	49	49	71	71	71	71	71	75	75	75	75	75	75	81	89	120	140	146	170	181	209	242	304	309	375	376	376
20150216	湖州	0	2	3	8	15	16	18	27	29	31	32	33	36	39	39	39	39	42	42	42	42	42	42	42	42	42	42	42	163	163	163	163	167	169	170	170	170
20150217	绍兴	
20150218	金华	
20150219	衢州	
20150220	丽水	
20150221	台州	
20150222	舟山	
20150223	杭州	
20150224	宁波	
20150225	温州	3	3	3	3	4	5	5	5	6	7	7	36	60	70	75	75	75	75	79	84	89	89	89	94	114	125	125	125	125	126	128	128	128	139	149	159	159
20150226	嘉兴	0	0	1	1	1	1	1	1	1	1	2	2	2	2	2	2	2	2	2	2	2	2	2	2	2	2	2	2	2	4	4	14	19	19	19	19	19
20150227	湖州	0	0	0	1	2	4	5	5	7	7	7	8	8	8	8	8	8	8	8	8	8	8	8	8	8	9	9	19	29	29	29	29	30	36	36	36	36
20150228	绍兴	0	0	0	0	0	1	1	1	1	1	1	1	1	1	1	1	1	1	1	1	1	34	34	34	34	34	34	34	34	73	86	98	116	130	130	130	130
20150301	金华	0	0	0	0	0	0	0	0	0	0	0	0	0	0	0	0	0	0	0	0	0	0	0	0	0	0	0	0	0	0	0	0	0	0	0	0	0
20150302	衢州	0	0	1	1	3	4	4	5	5	5	5	5	6	6	6	6	6	6	6	6	6	6	7	7	7	9	13	13	14	17	18	19	19	19	19	19	19
20150303	丽水	0	1	2	2	2	3	4	4	9	9	10	10	10	14	14	14	14	14	14	14	14	14	14	15	15	16	21	21	21	21	23	26	31	39	39	79	79
20150304	台州	0	0	0	0	1	8	8	9	12	17	19	19	46	50	50	50	50	50	50	50	50	50	54	55	55	64	66	66	68	74	81	96	98	105	120	138	138
20150305	舟山	0	0	0	2	2	2	2	2	2	2	2	2	4	4	4	4	4	4	4	4	4	5	5	5	5	5	5	5	5	5	5	5	6	7	9	9	9
20150306	杭州	0	5	5	5	8	8	11	12	14	34	47	48	61	69	70	70	70	70	70	70	70	71	77	93	127	156	195	205	259	292	317	387	425	448	464	474	474
20150307	宁波	
20150308	温州	
20150309	嘉兴	0	0	0	1	1	1	2	3	3	3	3	4	5	5	5	5	5	5	5	5	9	9	9	19	21	21	28	28	28	33	50	55	55	55	55	55	55
20150310	湖州	0	0	0	0	0	1	3	4	4	4	4	4	4	4	4	4	9	9	9	9	9	9	9	9	9	18	19	19	19	19	22	22	48	64	108	108	108
20150311	绍兴	0	2	3	3	7	7	42	50	54	69	69	79	80	80	84	88	88	88	88	88	88	88	88	88	90	126	145	147	148	170	175	194	256	262	293	299	299
20150312	金华	1	1	1	22	37	49	49	71	72	79	89	97	98	98	100	100	100	100	100	100	100	100	101	126	133	134	134	141	152	152	157	184	202	222	231	239	250
20150313	衢州	0	0	0	0	4	4	25	25	36	56	56	64	65	66	67	67	67	67	67	67	67	67	67	69	77	82	93	96	96	102	105	107	113	119	120	121	121
20150314	丽水	
20150315	台州	
20150316	舟山	0	0	0	0	0	0	0	0	2	2	2	2	3	3	3	3	3	3	3	3	3	4	8	8	9	9	10	10	10	10	11	11	11	15	15	15	15
20150317	杭州	0	23	31	44	48	50	51	66	66	69	71	73	75	75	81	81	81	81	81	81	81	86	104	107	123	196	206	220	240	244	272	272	349	349	349	349	461
20150318	宁波	1	1	1	1	1	1	1	1	1	1	33	43	54	54	54	54	54	54	54	54	54	62	75	75	75	161	172	199	237	237	239	265	358	398	501	573	577
20150319	温州	3	4	11	15	20	42	45	49	58	58	58	58	58	58	58	58	58	96	96	98	99	99	100	106	132	156	162	189	204	217	220	232	256	309	356	406	430
20150320	嘉兴	0	1	21	36	73	87	158	200	209	220	269	293	294	294	343	349	350	350	350	356	357	357	368	383	389	403	438	453	480	502	537	562	624	657	664	678	700
20150321	湖州	0	0	0	0	0	0	0	0	0	0	0	0	0	0	0	0	0	0	0	0	0	0	0	0	0	0	0	0	0	0	0	0	0	0	0	0	0
20150322	绍兴	
20150323	金华	0	0	0	0	1	2	2	2	3	3	4	5	6	6	6	6	6	6	6	6	6	6	6	6	8	10	12	12	21	21	43	49	53	62	74	76	97
20150324	衢州	0	0	0	7	7	7	7	7	7	7	7	7	7	7	7	8	8	8	8	8	8	8	8	9	9	11	11	12	12	12	12	12	12	12	12	12	59
20150325	丽水	0	2	4	4	8	8	8	10	18	18	19	19	20	20	22	22	22	24	24	24	24	24	24	27	27	28	29	31	33	33	37	68	69	69	83	87	87
20150326	台州	1	1	1	2	2	19	26	27	27	27	40	44	58	57	57	57	57	57	57	57	57	58	58	64	68	76	79	83	83	104	109	109	124	159	165	171	176
20150327	舟山	0	0	0	1	1	1	1	1	2	2	3	4	4	4	4	4	4	4	4	4	4	4	4	4	6	19	19	19	20	28	28	28	30	32	32	32	32
20150328	杭州	
20150329	宁波	
20150330	温州	0	2	2	4	6	7	7	7	8	7	8	10	12	12	12	12	12	12	12	12	12	12	12	14	14	16	16	26	31	31	38	71	86	105	108	120	135
20150331	嘉兴	0	0	1	3	6	6	7	11	11	11	11	11	11	11	11	11	11	None	11	11	11	11	17	18	19	19	20	20	20	26	26	28	28	46	64	77	77
20150401	湖州	0	0	0	0	0	0	0	3	3	3	3	5	7	7	7	8	9	9	9	9	9	9	9	9	22	22	22	33	43	43	56	59	67	91	104	128	128
20150402	绍兴	0	1	2	2	7	8	9	9	9	10	10	10	11	11	11	11	11	11	11	11	11	11	11	11	11	None	40	None	67	None	None	102	None	None	151	164	171
20150403	金华	0	0	2	7	18	22	27	47	47	62	68	70	73	74	74	74	74	74	74	75	75	75	85	123	127	164	188	227	253	278	386	397	425	455	472	539	573
20150404	衢州	0	0	0	0	0	0	0	0	0	0	0	0	0	0	0	0	0	0	0	0	0	0	0	0	0	0	0	0	0	0	0	0	0	0	0	0	0
20150405	丽水	
20150406	台州	
20150407	舟山	0	0	0	0	0	0	0	1	1	1	1	1	2	3	3	3	3	3	3	3	3	3	3	4	5	5	5	5	5	5	11	9	18	30	30	32	32
20150408	杭州	0	0	0	31	33	34	42	43	63	82	82	87	91	94	94	109	109	109	109	109	109	115	129	135	157	193	204	219	238	262	268	306	333	348	391	398	407
20150409	宁波	1	1	2	7	8	15	17	17	18	19	19	56	65	65	70	70	70	70	70	70	70	70	72	72	85	95	117	150	157	164	165	211	220	284	373	392	396
20150410	温州	0	0	0	2	2	3	4	10	11	14	15	17	23	23	23	23	23	23	23	23	24	24	24	32	32	41	59	87	93	123	127	173	207	252	284	310	313
20150411	嘉兴	
20150412	湖州	
20150413	绍兴	0	1	1	1	1	3	3	3	3	3	3	3	3	3	37	37	37	37	37	37	37	37	37	37	49	52	53	71	102	113	130	151	271	298	301	302	302
20150414	金华	0	2	10	10	17	17	42	42	47	85	85	86	111	118	118	119	119	119	119	119	119	119	119	122	127	128	135	135	193	211	214	245	248	267	278	286	287
20150415	衢州	0	0	1	4	4	4	7	10	10	12	14	15	20	22	23	23	23	23	23	23	23	23	23	28	28	35	39	42	47	48	67	67	74	79	84	84	84
20150416	丽水	0	7	10	10	10	10	10	11	11	16	16	18	18	18	19	19	19	19	19	19	19	19	23	24	26	27	27	27	28	29	37	43	43	61	86	87	87
20150417	台州	0	0	4	4	4	7	8	12	14	21	21	47	48	54	58	58	58	58	58	58	58	58	59	96	98	105	106	107	107	107	107	107	107	107	107	107	313
20150418	舟山	
20150419	杭州	
20150420	宁波	1	1	2	2	2	4	25	34	40	40	40	52	52	54	55	55	55	55	55	55	55	56	83	93	93	93	93	93	93	93	93	342	405	479	547	571	573
20150421	温州	2	2	3	3	3	3	9	9	12	42	71	81	82	83	83	83	83	83	83	83	83	83	83	86	86	86	86	86	86	86	86	212	234	266	309	363	369
20150422	嘉兴	2	2	3	40	46	120	129	133	133	137	152	168	190	190	192	192	192	196	197	197	197	197	233	247	249	277	303	330	364	407	500	586	661	738	751	763	765
20150423	湖州	0	0	0	0	0	0	20	20	22	22	22	22	22	22	22	22	22	22	22	22	22	22	23	23	23	23	23	23	23	37	39	43	44	45	45	45	45
20150424	绍兴	0	2	4	10	10	10	11	13	13	18	18	22	26	47	51	51	51	51	51	51	51	51	51	53	57	60	61	65	78	80	99	100	113	142	189	189	189
20150425	金华	0	0	0	0	0	0	0	0	0	0	0	0	0	0	0	0	0	0	0	0	0	0	0	0	0	0	0	0	0	0	0	0	0	0	0	0	0
20150426	衢州	0	0	0	0	0	0	0	0	0	None	0	0	0	0	0	0	0	0	0	0	0	0	0	0	0	0	0	0	0	0	0	0	0	0	0	0	0
20150427	丽水	0	0	0	0	4	4	4	4	4	4	4	4	6	9	10	20	20	20	20	20	20	20	20	20	41	22	22	24	27	27	27	28	28	29	30	53	73
20150428	台州	0	0	0	0	1	1	2	3	4	5	36	125	170	170	170	170	170	170	171	171	171	172	172	172	172	172	193	220	220	243	306	321	327	327	362	367	395
20150429	舟山	0	0	0	0	0	0	0	1	1	1	1	3	4	4	4	4	4	4	4	4	4	4	4	4	4	4	4	4	4	4	4	4	4	4	4	24	24
20150430	杭州	0	2	3	3	13	16	21	43	72	78	78	97	99	99	114	114	114	114	114	114	114	117	125	156	224	233	271	287	311	338	386	447	477	499	570	595	602
20150501	宁波	0	0	0	0	0	0	0	0	0	0	0	0	0	0	0	0	0	0	0	0	0	0	0	0	0	0	0	0	0	0	0	0	0	0	0	0	0
20150502	温州	
20150503	嘉兴	
20150504	湖州	0	0	0	0	0	0	0	0	0	0	9	11	11	11	11	11	11	11	11	11	11	11	11	11	11	11	11	13	13	15	16	16	22	24	47	53	57
20150505	绍兴	4	5	7	7	7	25	28	37	37	40	43	49	49	50	50	50	50	50	50	50	50	50	50	50	50	50	62	81	85	90	92	102	108	124	163	204	213
20150506	金华	0	0	1	27	27	28	29	54	54	59	72	73	76	78	81	83	83	83	83	85	85	85	85	85	96	100	109	114	125	131	150	157	165	171	197	209	223
20150507	衢州	0	0	1	1	4	4	8	10	13	14	18	20	20	22	22	22	22	22	22	24	34	34	35	35	35	36	36	39	39	39	39	39	39	39	39	62	67
20150508	丽水	0	4	9	9	9	9	9	11	13	13	13	13	20	21	26	26	26	26	26	26	26	26	26	26	26	29	30	34	35	38	39	39	46	46	71	104	106
20150509	台州	0	0	0	0	0	0	0	0	0	0	7	19	20	20	20	20	20	20	20	20	20	20	20	20	20	20	20	20	20	20	20	20	20	20	20	25	25
20150510	舟山	0	0	0	0	0	0	0	0	0	0	0	0	0	0	0	0	0	0	0	0	0	0	0	0	0	0	0	0	0	0	0	0	0	0	0	0	0
20150511	杭州	0	0	1	1	1	6	6	10	10	13	19	19	26	30	30	30	30	30	30	30	30	30	33	39	44	50	55	109	116	121	132	163	191	205	211	241	305
20150512	宁波	0	0	0	0	0	0	0	0	0	0	0	11	11	11	11	11	11	11	11	11	11	11	11	11	11	89	127	140	149	149	177	177	197	235	297	319	348
20150513	温州	0	0	0	0	9	9	17	25	26	30	42	53	55	55	55	56	56	56	56	56	56	56	56	56	62	65	74	79	85	90	96	118	126	189	245	289	316
20150514	嘉兴	0	0	1	2	3	3	7	11	11	11	12	12	12	12	12	12	12	12	12	12	12	12	12	25	33	33	35	49	50	56	56	56	56	56	56	None	None
20150515	湖州	0	0	0	0	0	8	8	8	8	8	8	12	13	13	13	13	13	13	13	13	13	13	13	13	13	13	13	23	23	23	25	33	49	56	56	118	164
20150516	绍兴	1	1	21	23	31	37	38	43	43	44	74	85	96	105	116	116	116	116	116	116	116	116	116	116	116	116	116	182	182	182	223	271	300	317	317	349	383
20150517	金华	0	0	2	6	11	27	43	53	78	87	96	121	135	144	145	145	145	159	159	159	159	159	159	159	159	159	159	261	261	261	384	390	405	443	443	520	541
20150518	衢州	0	0	0	0	0	15	15	20	21	22	22	22	22	22	22	22	22	22	22	22	22	22	22	22	22	84	85	85	101	104	109	131	268	152	156	168	169
20150519	丽水	0	0	0	0	0	0	0	0	0	0	0	0	0	0	0	16	16	16	17	17	17	17	17	17	18	20	26	29	31	31	31	31	40	41	46	46	57
20150520	台州	0	0	2	2	28	32	40	43	43	43	46	63	63	63	67	67	67	67	67	67	67	67	67	67	67	67	68	75	93	106	107	113	125	139	163	174	199
20150521	舟山	0	0	0	0	0	0	0	4	4	4	4	4	4	4	4	4	7	7	7	7	7	7	7	7	7	9	9	11	14	18	19	19	19	19	19	19	19
20150522	杭州	0	6	68	109	109	109	109	109	109	109	109	601	635	666	667	668	669	671	671	671	672	673	673	694	697	759	774	946	966	1111	1182	1238	1334	1380	1426	1459	1519
20150523	宁波	0	0	0	0	0	0	0	0	0	0	0	0	0	0	0	0	0	0	0	0	0	0	0	0	0	0	0	0	0	0	0	0	0	0	0	0	0
20150524	温州	0	0	0	0	0	0	0	0	0	0	0	0	0	0	0	0	0	0	0	0	0	0	0	0	0	0	0	0	0	0	0	0	0	0	0	0	0
20150525	嘉兴	0	0	0	0	0	0	0	0	0	2	2	2	2	2	2	2	2	2	2	2	2	2	2	2	2	2	2	2	5	5	5	7	12	18	18	23	26
20150526	湖州	0	2	7	7	7	8	8	8	8	8	8	8	8	8	8	8	8	8	8	8	8	8	8	8	8	8	8	34	35	35	35	71	73	77	103	105	111
20150527	绍兴	0	0	0	16	16	16	16	55	55	58	58	58	58	58	58	58	58	58	58	58	58	61	61	62	62	62	64	74	76	77	99	105	114	155	175	186	198
20150528	金华	0	1	4	4	4	4	18	30	32	32	33	33	33	33	33	33	33	33	33	49	49	49	49	49	49	49	49	84	96	96	96	96	96	96	96	96	96
20150529	衢州	0	0	0	2	3	3	3	4	4	4	22	22	27	27	33	33	33	33	33	33	33	33	33	33	42	42	45	48	57	59	62	67	68	78	91	99	110
20150530	丽水	0	0	0	0	0	0	0	0	0	0	0	0	0	0	0	0	0	0	0	0	0	0	0	0	0	0	0	0	0	0	0	0	0	0	0	0	0
20150531	台州	
20150601	舟山	0	0	0	0	0	0	0	1	1	1	1	1	6	6	7	7	7	7	7	7	7	7	7	7	7	7	7	7	7	8	8	8	9	14	15	19	19
20150602	杭州	0	0	4	4	5	5	5	6	17	19	31	55	64	65	65	65	65	65	65	65	65	65	65	67	73	74	84	142	143	148	164	190	190	229	238	388	450
20150603	宁波	3	4	4	5	9	16	22	22	26	26	26	28	28	28	28	28	28	28	28	28	28	28	33	42	56	79	113	115	127	151	156	156	190	193	193	193	193
20150604	温州	2	2	3	3	13	13	14	19	19	24	24	25	29	29	29	29	29	29	29	29	29	29	29	29	36	39	40	45	47	48	79	88	104	137	170	216	216
20150605	嘉兴	0	0	1	1	7	7	7	7	9	9	10	11	17	17	19	19	19	19	19	19	19	19	19	19	19	25	46	113	141	152	158	170	179	194	222	236	241
20150606	湖州	
20150607	绍兴	
20150608	金华	0	0	1	2	7	11	12	13	13	15	31	51	65	72	73	73	73	73	73	73	73	73	73	74	74	77	81	82	92	99	103	108	112	116	133	157	162
20150609	衢州	0	1	1	1	1	13	13	13	18	18	18	18	36	40	40	40	40	40	40	40	40	40	40	41	41	51	52	55	55	71	71	86	96	98	103	107	111
20150610	丽水	0	7	8	16	16	16	16	16	16	22	28	28	28	29	33	33	33	33	33	33	33	33	33	33	33	33	35	43	44	50	50	56	70	79	83	93	97
20150611	台州	0	1	2	2	3	3	6	8	8	13	17	19	20	20	20	20	20	20	20	20	20	24	24	24	24	24	24	24	24	24	24	24	72	105	125	144	153
20150612	舟山	0	0	0	0	0	0	0	0	0	0	0	0	0	0	0	6	6	6	6	6	6	6	6	6	8	8	8	8	8	10	10	11	11	14	20	22	27
20150613	杭州	0	0	0	0	0	0	0	0	0	0	0	0	0	0	0	0	0	0	0	0	0	0	0	0	0	0	0	0	0	0	0	0	0	0	0	0	0
20150614	宁波	
20150615	温州	9	9	9	11	13	16	20	22	22	23	26	28	48	49	49	50	50	50	50	50	50	50	50	50	50	53	54	60	69	71	76	82	122	144	161	197	216
20150616	嘉兴	0	0	3	8	9	10	10	10	20	24	24	25	25	33	33	33	33	33	33	33	33	33	33	33	33	36	37	41	41	47	48	79	85	113	131	158	187
20150617	湖州	0	0	0	1	1	1	2	4	4	5	7	8	40	40	41	55	55	55	55	55	55	55	55	55	55	71	74	106	107	107	118	120	126	127	169	173	182
20150618	绍兴	0	0	4	23	66	83	135	139	183	185	203	203	242	260	266	283	291	291	291	291	291	291	291	291	291	291	298	317	320	332	370	414	489	539	618	625	777
20150619	金华	1	1	26	50	87	132	200	227	298	351	397	444	520	660	679	703	728	732	732	732	733	734	743	770	796	828	933	1051	1137	1260	1446	1594	1666	1816	1932	2238	2338
20150620	衢州	0	0	0	0	0	0	0	0	0	0	0	0	0	0	0	0	0	0	0	0	0	0	0	0	0	0	0	0	0	0	0	0	0	0	0	0	0
20150621	丽水	0	0	0	0	0	0	0	0	0	0	0	0	0	0	0	0	0	0	0	7	7	None	None	7	7	7	7	7	7	8	8	8	8	8	8	8	8
20150622	台州	0	0	0	0	0	0	3	3	4	4	4	4	4	4	4	4	4	4	4	4	4	4	4	4	4	4	4	4	4	4	4	4	4	4	4	4	4
20150623	舟山	0	0	0	0	0	0	0	0	0	0	0	0	1	1	1	1	1	1	1	1	1	1	1	1	1	1	1	1	1	11	11	11	11	11	11	13	15
20150624	杭州	0	0	8	8	8	25	25	30	36	37	38	47	62	63	64	64	64	64	64	64	64	64	64	64	72	81	86	98	132	143	145	176	197	208	241	251	289
20150625	宁波	0	4	4	4	4	5	5	6	6	6	12	12	16	16	38	38	38	38	38	38	38	38	38	40	42	45	45	46	50	65	66	77	85	101	150	171	208
20150626	温州	0	6	7	7	13	14	16	17	18	22	25	29	31	34	34	34	34	34	34	34	34	34	34	37	38	46	52	52	59	60	60	74	89	120	165	219	220
20150627	嘉兴	
20150628	湖州	
20150629	绍兴	0	0	0	0	0	0	0	0	2	2	2	8	15	20	20	20	20	20	20	20	20	20	20	20	20	25	26	26	34	35	36	51	63	69	82	140	145
20150630	金华	0	0	1	7	10	10	33	33	47	50	51	51	60	60	60	60	60	78	78	78	78	78	78	78	85	90	111	118	126	137	152	172	214	226	258	273	281
20150701	衢州	0	0	0	0	0	2	3	3	4	7	7	9	9	13	23	23	23	23	23	23	23	23	23	25	25	26	26	26	27	27	27	29	32	35	47	64	64
20150702	丽水	0	0	0	0	3	3	3	3	8	17	17	17	19	20	28	28	28	28	28	28	28	28	28	28	28	28	28	31	31	31	34	36	37	38	43	43	74
20150703	台州	0	0	0	0	0	0	4	4	5	8	15	21	26	31	31	31	31	31	31	31	31	31	31	31	33	33	34	37	37	39	42	43	60	84	93	178	202
20150704	舟山	0	0	0	0	0	0	0	0	0	0	0	0	0	0	0	0	0	0	0	0	0	0	0	0	0	0	0	0	0	0	0	0	0	0	0	0	0
20150705	杭州	0	0	0	0	0	0	0	0	0	0	0	0	0	0	0	0	0	0	0	0	0	0	0	0	0	0	0	0	0	0	0	0	0	0	0	0	0
20150706	宁波	0	5	5	12	12	17	18	19	19	19	22	22	24	24	24	27	27	27	27	27	27	27	27	30	30	30	30	45	48	48	48	48	97	97	97	97	97
20150707	温州	0	7	8	8	10	15	15	28	32	32	32	35	35	38	38	44	45	45	45	45	45	45	45	45	45	45	45	45	45	48	59	66	66	66	66	66	66
20150708	嘉兴	0	0	0	8	8	8	8	8	8	8	10	12	14	14	14	14	14	19	19	19	19	19	19	19	19	19	20	30	37	37	37	53	57	57	57	57	57
20150709	湖州	0	0	0	0	0	0	0	0	3	3	3	3	3	4	4	4	4	4	4	4	4	4	4	4	4	4	4	4	4	4	10	14	32	42	43	61	66
20150710	绍兴	0	0	0	0	13	13	22	38	41	44	111	111	116	116	116	126	126	126	126	126	126	126	126	126	126	126	150	163	182	205	214	224	295	322	397	457	513
20150711	金华	
20150712	衢州	
20150713	丽水	0	0	0	0	4	4	4	4	4	5	5	5	14	14	14	19	19	19	19	19	19	19	19	19	19	19	19	19	19	19	33	34	35	38	53	83	100
20150714	台州	7	8	8	8	8	8	16	9	12	12	13	13	13	13	20	21	21	21	21	21	21	21	21	21	21	21	22	24	37	41	44	58	65	75	93	97	112
20150715	舟山	0	0	0	0	0	0	0	0	0	0	1	4	5	5	5	5	5	5	5	5	5	5	5	5	5	5	5	6	8	8	8	8	8	8	8	8	8
20150716	杭州	0	1	1	2	3	3	5	13	17	17	25	30	85	95	95	95	95	95	95	95	95	95	95	111	111	121	133	140	200	200	226	263	321	335	363	404	458
20150717	宁波	0	40	41	49	50	55	55	55	55	56	60	69	70	77	118	118	118	118	118	118	118	118	118	118	126	160	195	210	210	238	252	253	324	349	471	546	612
20150718	温州	0	0	0	0	0	0	2	2	2	2	2	2	2	2	2	3	3	3	3	3	3	3	3	3	3	3	3	3	3	3	3	3	3	3	3	3	3
20150719	嘉兴	
20150720	湖州	0	0	0	0	6	12	12	12	12	34	35	35	35	35	35	35	35	35	35	35	35	35	35	35	44	48	52	59	68	68	68	99	173	184	186	186	213
20150721	绍兴	0	0	0	5	5	13	13	28	28	39	40	62	63	63	108	111	111	111	111	111	111	111	111	111	111	111	120	120	127	142	195	195	313	391	444	532	532
20150722	金华	1	1	12	53	76	164	218	221	256	256	341	377	450	559	578	578	578	581	581	581	581	581	581	581	601	642	647	778	828	951	1030	1110	1220	1284	1335	1501	1633
20150723	衢州	0	0	0	0	0	0	0	4	4	5	5	5	5	5	5	5	5	5	5	5	5	5	5	5	5	5	5	5	13	13	13	13	13	13	13	13	13
20150724	丽水	0	0	0	0	6	6	6	6	6	6	6	7	7	17	19	19	19	19	19	19	19	19	19	19	19	19	19	19	24	28	28	29	29	30	32	63	69
20150725	台州	0	0	0	0	0	0	0	0	0	0	0	0	0	0	0	0	0	0	0	0	0	0	0	0	0	0	0	0	0	0	0	0	0	0	0	0	0
20150726	舟山	0	0	0	0	0	0	0	0	0	0	0	0	0	0	0	0	0	0	0	0	0	0	0	0	0	0	0	0	0	0	0	0	0	0	0	0	0
20150727	杭州	0	0	1	3	3	5	8	5	10	11	13	27	27	42	42	42	42	42	42	42	42	42	42	88	46	52	59	68	80	81	89	98	103	110	117	161	207
20150728	宁波	0	0	0	5	12	12	12	17	69	83	92	100	103	102	102	102	102	102	102	102	102	102	102	152	152	154	161	169	172	174	179	184	220	234	246	324	408
20150729	温州	2	3	5	6	6	6	6	6	11	11	11	11	11	11	11	11	11	11	11	11	31	31	31	31	31	34	39	39	44	52	52	57	75	82	97	133	177
20150730	嘉兴	0	0	0	2	5	5	5	14	31	31	43	45	45	47	47	47	47	47	47	47	47	47	47	47	48	49	49	64	77	79	86	86	91	94	104	106	109
20150731	湖州	0	0	0	2	2	2	14	14	15	15	15	20	20	20	21	21	21	22	22	22	22	22	22	22	30	30	31	31	67	77	79	92	96	99	119	143	143
20150801	绍兴	0	0	0	0	0	0	0	0	0	0	0	0	0	0	0	0	0	0	0	0	0	0	0	0	0	0	0	0	0	0	0	0	0	0	0	0	0
20150802	金华	0	0	0	0	0	0	0	0	0	0	0	0	0	0	0	0	0	0	0	0	0	0	0	0	0	0	0	0	0	0	0	0	0	0	0	0	0
20150803	衢州	0	1	1	1	5	5	19	21	21	21	21	21	21	21	21	21	21	21	21	21	21	21	21	21	21	34	34	34	40	41	46	49	52	52	57	63	65
20150804	丽水	0	2	2	2	4	4	7	7	8	8	8	11	14	14	14	14	14	14	14	14	14	14	14	14	14	15	15	15	15	16	18	28	28	29	35	38	42
20150805	台州	0	0	1	6	6	11	11	14	16	23	30	33	38	44	44	44	45	45	45	45	45	45	45	45	45	45	50	59	64	68	75	85	104	110	129	None	182
20150806	舟山	0	0	0	0	0	0	0	0	0	5	5	5	5	5	5	5	5	5	5	5	5	5	5	5	5	5	5	5	5	5	5	5	6	6	7	8	8
20150807	杭州	0	5	12	12	12	13	18	33	38	44	93	118	119	119	124	124	124	124	124	124	124	124	124	129	129	132	139	139	247	270	314	359	393	433	494	529	580
20150808	宁波	0	0	0	0	0	0	0	0	0	0	0	0	0	0	0	0	0	0	0	0	0	0	0	0	0	0	0	0	0	0	0	0	0	0	0	0	0
20150809	温州	0	0	0	0	0	0	0	0	0	0	0	0	0	0	0	0	0	0	0	0	0	0	0	0	0	0	0	0	0	0	0	0	0	0	0	0	0
20150810	嘉兴	0	0	0	1	1	1	4	4	4	4	6	6	6	6	6	6	6	6	7	7	7	7	7	13	13	13	13	69	92	102	104	104	111	115	115	115	125
20150811	湖州	0	3	3	3	3	3	3	4	4	4	4	4	4	5	5	5	5	5	5	5	5	5	5	5	5	5	5	5	17	26	26	47	49	53	56	59	77
20150812	绍兴	0	0	6	14	14	15	19	19	31	32	32	32	32	32	32	32	32	32	32	48	48	48	48	48	48	48	60	73	76	105	140	141	189	213	219	235	242
20150813	金华	3	4	29	31	31	36	36	41	49	64	90	112	115	117	118	118	118	118	118	118	118	118	118	122	147	170	181	200	223	237	252	268	269	293	295	321	324
20150814	衢州	0	2	10	24	29	29	29	33	33	33	33	33	36	38	38	39	39	39	39	39	39	39	39	39	39	44	57	64	66	68	71	80	86	88	122	126	174
20150815	丽水	0	0	0	0	0	0	0	0	0	0	0	0	0	0	0	0	0	0	0	0	0	0	0	0	0	0	0	0	0	0	0	0	0	0	0	0	0
20150816	台州	0	0	0	0	0	0	0	0	0	0	0	0	0	0	0	0	0	0	0	0	0	0	0	0	0	0	0	0	0	0	0	0	0	0	0	0	0
20150817	舟山	1	1	1	1	7	7	7	12	12	12	13	13	13	13	13	13	13	13	13	13	13	13	13	13	13	14	14	14	14	13	13	13	14	16	20	20	22
20150818	杭州	0	0	0	4	5	19	28	42	51	54	64	65	92	103	106	106	106	106	107	139	139	139	146	146	181	195	198	210	281	307	348	353	458	517	543	586	611
20150819	宁波	37	63	65	65	73	87	102	113	164	173	189	189	190	193	193	193	193	193	193	193	193	193	193	203	204	237	249	283	292	313	356	416	455	479	585	702	789
20150820	温州	2	5	25	76	97	106	115	124	124	128	131	159	163	171	171	171	174	174	175	175	175	175	175	177	177	177	179	195	214	241	267	272	309	366	406	459	586
20150821	嘉兴	0	1	20	20	21	23	63	92	93	104	159	192	193	193	193	194	194	194	194	224	224	224	224	225	225	246	281	295	322	370	440	455	476	543	564	606	635
20150822	湖州	0	0	0	0	0	0	0	0	0	0	1	1	1	1	1	None	1	1	1	1	1	1	1	1	1	1	1	1	1	1	1	1	1	1	1	1	1
20150823	绍兴	
20150824	金华	0	0	12	22	37	56	87	147	175	178	195	195	197	207	208	212	212	212	212	212	212	212	212	212	212	212	214	217	220	220	223	223	224	241	246	257	263
20150825	衢州	0	0	0	4	5	5	5	7	7	18	18	18	18	19	19	19	19	19	19	19	19	19	19	19	20	20	24	24	26	26	28	28	31	36	40	43	45
20150826	丽水	0	0	0	5	8	8	8	8	11	18	18	22	23	23	28	32	32	32	32	32	32	32	32	32	32	32	34	34	34	38	38	38	39	40	40	40	40
20150827	台州	0	0	0	0	0	0	1	2	4	5	5	18	21	62	67	69	69	69	69	69	69	69	69	69	69	69	69	87	89	96	97	107	118	138	141	151	177
20150828	舟山	0	2	2	2	2	3	3	3	3	3	4	4	4	4	4	4	4	4	4	4	4	4	4	4	4	4	4	4	4	4	4	4	5	8	9	11	15
20150829	杭州	0	0	0	0	0	0	0	0	0	0	0	0	0	0	0	0	0	0	0	0	0	0	0	0	0	0	0	0	0	0	0	0	0	0	0	0	0
20150830	宁波	0	0	0	0	0	0	0	0	0	0	0	0	0	0	0	0	0	0	0	0	0	0	0	0	0	0	0	0	0	0	0	0	0	0	0	0	0
20150831	温州	0	0	0	3	7	13	14	14	27	27	28	29	29	32	32	32	32	32	32	32	32	32	32	32	32	43	44	45	47	49	63	66	71	96	137	157	174
20150901	嘉兴	0	0	0	1	8	9	9	9	9	9	9	9	9	9	9	10	10	10	10	10	10	10	10	10	10	10	10	23	24	26	31	38	38	50	63	68	72
20150902	湖州	0	0	0	0	0	0	0	0	0	0	0	0	0	4	4	4	4	4	4	4	4	4	4	4	4	16	16	94	113	117	122	132	138	141	145	149	171
20150903	绍兴	0	0	0	0	0	0	0	0	0	0	0	0	0	0	0	0	0	0	0	0	0	0	0	0	0	0	0	0	0	0	0	0	0	0	0	0	0
20150904	金华	0	0	0	0	0	0	0	0	0	0	0	0	0	0	0	0	0	0	0	0	0	0	0	0	0	0	0	0	0	0	0	0	0	0	0	0	0
20150905	衢州	0	0	0	0	0	0	0	0	0	0	0	0	0	0	0	0	0	0	0	0	0	0	0	0	0	0	0	0	0	0	0	0	0	0	0	0	0
20150906	丽水	0	0	0	4	7	12	15	15	23	24	26	26	26	35	35	34	34	34	34	34	34	34	34	34	34	34	34	34	34	39	40	42	48	49	50	50	53
20150907	台州	0	1	1	2	4	4	4	4	5	15	33	34	34	34	35	36	36	36	36	37	37	37	37	37	37	37	37	40	50	55	56	58	65	109	116	139	147
20150908	舟山	0	0	0	1	1	1	1	3	3	3	3	6	6	6	6	6	6	6	6	6	6	6	6	6	6	6	6	6	8	8	8	8	9	9	22	17	17
20150909	杭州	0	0	0	0	0	12	20	29	31	31	43	48	55	55	55	55	55	56	56	56	58	58	58	61	64	75	77	105	123	128	145	150	158	200	215	234	258
20150910	宁波	0	2	2	4	4	4	4	7	11	15	18	18	46	46	46	46	46	46	46	46	46	46	46	46	49	51	54	97	101	102	104	118	141	150	196	277	329
20150911	温州	None	3	3	3	4	4	5	6	10	10	10	10	13	13	13	13	13	13	13	13	13	15	15	15	18	18	35	35	36	36	37	37	37	60	123	139	150
20150912	嘉兴	0	0	0	0	0	0	0	0	0	0	1	18	19	19	19	19	19	19	19	19	19	19	19	19	19	20	41	41	41	41	41	41	41	41	41	41	41
20150913	湖州	0	0	0	0	0	0	0	0	0	0	0	0	0	0	0	0	0	0	0	0	0	0	0	0	0	0	0	0	0	0	0	0	0	0	0	0	0
20150914	绍兴	0	0	0	0	0	0	0	1	5	23	27	29	30	33	47	47	47	47	47	47	47	47	47	47	47	47	48	72	95	104	119	119	142	157	190	230	232
20150915	金华	0	0	1	1	1	6	27	44	46	46	49	89	104	104	105	138	141	141	141	141	141	141	141	141	141	141	171	178	195	218	220	228	247	250	253	257	270
20150916	衢州	0	0	0	0	0	0	0	0	6	6	14	14	16	18	18	19	19	19	19	19	19	19	19	19	21	21	26	28	34	34	42	42	45	49	52	57	66
20150917	丽水	0	0	0	0	2	2	5	5	5	8	8	8	8	8	19	19	19	19	19	21	21	21	21	21	21	21	26	32	32	35	35	43	45	51	56	57	62
20150918	台州	0	5	8	17	23	24	31	32	32	32	32	32	32	32	32	32	32	32	32	32	32	32	32	32	32	100	101	131	149	165	195	202	240	257	264	297	315
20150919	舟山	0	0	0	0	0	0	0	0	0	0	0	0	0	0	0	0	0	0	0	0	0	0	0	0	0	0	0	0	0	0	0	0	0	0	0	0	0
20150920	杭州	0	0	0	0	0	0	0	0	0	0	0	0	0	0	0	0	0	0	0	0	0	0	0	0	0	0	0	0	0	0	0	0	0	0	0	0	0
20150921	宁波	0	5	22	13	14	16	22	26	32	37	72	75	90	116	145	145	145	145	145	163	163	163	163	163	204	227	232	243	263	280	312	371	466	559	660	785	959
20150922	温州	0	0	0	1	17	61	96	113	121	197	314	326	363	374	376	376	376	405	429	430	430	430	430	430	432	461	509	559	616	661	684	751	780	802	860	913	1126
20150923	嘉兴	0	0	0	0	0	0	0	0	0	0	0	2	2	2	2	2	2	2	2	2	2	2	2	2	2	2	2	3	3	3	9	11	11	32	32	36	37
20150924	湖州	0	0	0	0	0	1	1	1	1	1	1	1	1	2	4	2	2	2	2	2	2	2	2	2	2	2	2	2	2	10	10	14	14	14	53	53	58
20150925	绍兴	1	1	1	1	2	9	9	9	24	25	25	26	27	27	30	33	33	33	33	33	33	33	33	34	34	40	40	54	63	68	76	98	123	140	150	172	181
20150926	金华	
20150927	衢州	0	0	0	0	0	0	0	0	0	0	0	0	0	0	0	0	0	0	0	0	0	0	0	0	0	0	0	0	0	0	0	0	0	0	0	0	0
20150928	丽水	0	0	0	1	1	1	6	7	7	9	13	14	15	15	15	16	16	16	16	16	16	16	16	16	16	17	17	17	18	18	22	33	38	38	67	95	137
20150929	台州	0	2	2	7	13	19	24	27	31	36	37	39	45	47	49	50	50	50	50	50	50	50	50	50	50	50	61	77	82	91	96	132	156	164	169	187	220
20150930	舟山	0	0	0	0	0	0	3	3	3	3	4	4	4	5	5	5	5	5	5	5	5	5	5	5	5	17	22	26	27	28	31	34	38	40	40	42	42
20151001	杭州	0	0	0	0	0	0	0	0	0	0	0	0	0	0	0	0	0	0	0	0	0	0	0	0	0	0	0	0	0	0	0	0	0	0	0	0	0
20151002	宁波	
20151003	温州	
20151004	嘉兴	
20151005	湖州	
20151006	绍兴	
20151007	金华	
20151008	衢州	0	0	0	4	4	4	4	7	7	7	7	7	7	10	12	12	12	12	12	12	12	12	12	12	12	12	12	12	22	23	23	36	52	54	54	54	60
20151009	丽水	0	0	0	0	0	5	5	8	9	11	11	13	18	18	18	18	18	18	18	18	18	18	18	18	18	18	21	24	29	36	43	44	46	51	56	72	90
20151010	台州	0	2	2	4	9	13	15	15	16	23	28	29	34	42	46	48	48	48	48	48	48	48	48	48	55	57	58	95	140	143	161	174	188	204	228	269	282
20151011	舟山	
20151012	杭州	0	0	0	15	15	16	17	31	48	48	49	58	60	75	78	78	78	78	78	78	78	78	78	98	108	115	121	129	149	169	181	186	200	245	245	245	245
20151013	宁波	4	4	6	8	9	11	14	15	15	16	19	27	50	50	57	57	57	57	57	57	57	57	62	80	81	90	105	108	135	140	168	170	225	254	344	468	484
20151014	温州	0	0	0	0	2	2	2	2	5	8	10	11	20	20	20	20	20	20	20	20	20	20	20	20	20	32	32	35	50	50	65	71	84	104	111	140	166
20151015	嘉兴	0	0	4	5	19	19	19	19	19	20	20	20	25	25	25	25	25	25	25	25	25	33	33	33	40	64	71	73	84	103	107	116	121	127	137	138	144
20151016	湖州	0	0	0	0	0	0	1	1	5	5	5	5	5	5	5	5	5	5	5	5	5	5	5	6	13	18	58	58	72	73	89	95	179	208	223	225	225
20151017	绍兴	0	0	0	0	3	5	6	6	6	6	6	12	12	12	12	12	12	12	12	12	12	12	12	12	12	12	12	17	17	17	17	17	17	17	17	17	17
20151018	金华	0	0	0	0	0	0	0	0	0	0	0	0	0	0	0	0	0	0	0	0	0	0	0	0	0	0	0	0	0	0	0	0	0	0	0	0	0
20151019	衢州	0	0	0	0	0	0	0	0	0	0	69	74	76	76	83	83	83	83	83	83	83	83	83	85	86	86	86	86	86	96	104	119	128	134	143	179	179
20151020	丽水	0	0	2	3	3	3	3	3	5	5	9	9	13	19	20	20	20	20	20	20	20	20	20	20	20	35	35	55	56	64	64	79	85	108	116	152	166
20151021	台州	0	2	2	2	4	9	21	25	30	34	35	45	64	69	74	94	94	94	94	94	94	94	95	99	99	109	121	126	151	156	169	202	241	293	328	412	418
20151022	舟山	0	0	0	0	0	0	0	0	0	0	0	0	18	22	23	23	26	26	26	26	26	26	26	28	38	41	45	54	62	62	63	69	85	96	100	103	103
20151023	杭州	0	0	1	1	6	6	6	7	12	18	33	37	51	53	65	65	65	65	65	66	66	67	69	75	82	92	98	100	138	148	167	190	222	231	236	245	292
20151024	宁波	None	None	None	None	None	None	None	0	0	0	0	0	0	0	0	0	0	0	0	0	0	0	0	0	0	0	0	0	0	0	0	0	0	0	2	2	2
20151025	温州	0	0	0	0	0	0	0	0	0	0	0	0	0	0	0	0	0	0	0	0	0	0	0	0	0	0	0	0	0	0	0	0	0	0	0	0	0
20151026	嘉兴	0	0	0	0	0	0	0	0	0	0	0	0	0	1	1	1	1	1	1	1	1	1	12	12	12	12	27	27	27	27	27	27	27	27	27	27	27
20151027	湖州	0	6	6	6	10	10	10	10	10	15	15	15	15	15	15	15	15	15	15	15	15	15	15	15	17	17	17	20	20	22	22	28	78	82	82	82	82
20151028	绍兴	0	0	0	3	18	19	19	19	33	33	33	72	81	87	90	90	90	90	90	90	90	90	90	90	94	97	109	119	123	137	150	155	165	181	184	184	184
20151029	金华	0	2	3	5	5	6	7	16	17	17	17	17	17	27	27	27	27	27	27	27	27	27	27	27	30	44	73	74	78	82	87	93	107	113	117	127	131
20151030	衢州	0	0	2	6	14	20	20	22	22	23	26	26	27	27	31	31	31	31	31	31	31	31	31	31	36	39	42	46	46	49	49	60	71	79	91	91	91
20151031	丽水	0	0	0	0	14	14	14	14	14	14	14	14	36	36	36	38	38	38	38	38	38	38	38	38	38	38	38	39	41	48	48	48	49	70	96	102	102
20151101	台州	0	0	0	0	0	0	0	0	0	0	0	0	0	0	0	0	0	0	0	0	0	0	0	0	0	0	0	0	0	0	0	0	0	0	0	0	0
20151102	舟山	0	0	0	0	0	0	0	0	0	0	1	1	2	2	2	2	2	2	2	2	2	2	2	2	2	3	3	3	3	3	3	5	9	10	10	11	11
20151103	杭州	
20151104	宁波	0	0	0	0	0	0	0	0	44	46	47	53	54	60	60	60	60	60	60	60	60	66	71	111	145	185	217	277	301	315	315	333	362	426	460	487	496
20151105	温州	0	0	4	4	8	8	8	8	11	11	12	12	12	15	15	15	15	15	15	15	15	15	15	16	20	24	26	28	44	44	55	75	81	116	142	193	219
20151106	嘉兴	0	0	11	11	11	11	19	19	20	23	34	68	69	69	69	69	69	69	69	69	69	69	71	75	106	117	120	120	121	148	154	164	171	187	231	240	243
20151107	湖州	0	0	0	0	0	0	0	0	0	1	1	1	1	1	1	1	1	1	1	1	1	2	18	18	20	27	27	28	28	28	28	28	28	28	28	28	28
20151108	绍兴	
20151109	金华	26	26	26	26	31	33	39	42	43	43	43	46	47	56	56	56	59	59	59	59	60	60	60	60	60	64	70	73	74	81	85	97	104	113	128	140	164
20151110	衢州	6	6	6	6	6	6	6	6	17	17	17	18	26	27	31	31	31	31	31	31	31	36	36	36	42	43	43	47	47	50	59	64	66	77	87	87	88
20151111	丽水	0	0	0	0	0	0	1	1	1	1	2	5	10	10	11	11	11	11	11	11	11	11	11	11	11	11	11	11	11	11	22	24	25	32	77	82	90
20151112	台州	0	0	0	2	4	8	13	13	15	15	16	16	16	16	16	16	16	16	17	17	18	18	18	18	19	23	23	24	26	28	27	28	32	33	43	105	108
20151113	舟山	5	5	5	5	5	5	5	6	6	8	10	10	13	13	13	13	13	13	14	14	14	14	14	16	18	18	16	17	17	19	19	20	23	25	31	31	31
20151114	杭州	
20151115	宁波	0	0	0	0	0	0	0	0	0	0	0	0	0	0	0	0	0	0	0	0	0	0	0	0	0	0	0	0	0	0	0	0	0	0	0	0	0
20151116	温州	0	0	0	2	2	2	4	8	8	10	10	10	12	12	12	12	12	12	12	12	12	12	12	12	12	12	12	12	12	12	87	99	104	151	184	218	229
20151117	嘉兴	0	0	1	1	3	3	6	7	8	9	11	11	12	12	13	13	13	13	19	19	19	19	20	42	44	62	113	117	118	142	154	159	164	165	172	172	172
20151118	湖州	0	0	0	0	0	0	0	0	0	0	0	0	20	21	21	21	21	21	21	21	21	21	27	36	43	52	58	59	115	134	156	156	186	216	263	263	263
20151119	绍兴	0	0	5	7	7	11	27	32	50	53	125	183	185	195	199	205	205	205	205	205	205	205	205	213	267	311	323	359	382	395	457	485	564	621	657	657	657
20151120	金华	7	14	120	173	291	348	467	556	632	719	838	989	1079	1089	1098	1102	1105	1105	1105	1105	1105	1115	1147	1154	1276	1355	1450	1605	1923	2127	2214	2518	2633	2763	2840	2840	2840
20151121	衢州	0	0	0	2	3	4	7	10	10	10	10	10	10	10	10	10	10	10	10	10	10	10	10	10	10	10	10	37	51	51	78	87	91	97	122	125	125
20151122	丽水	0	0	0	0	0	0	0	0	0	0	0	0	0	0	0	4	7	7	7	7	7	7	7	7	7	7	12	12	12	12	12	12	12	12	12	12	12
20151123	台州	1	1	1	1	1	2	3	3	3	4	4	8	8	9	13	13	13	13	13	13	13	13	13	13	15	15	15	30	37	39	53	59	63	84	90	104	104
20151124	舟山	0	0	0	0	0	0	0	3	3	None	3	3	3	3	3	3	3	3	3	3	3	3	3	3	3	3	3	3	4	6	7	9	9	11	11	11	11
20151125	杭州	0	0	0	0	9	10	19	27	33	41	43	44	45	45	46	46	46	46	46	46	46	46	74	91	93	100	101	123	152	165	191	207	222	283	292	308	317
20151126	宁波	0	0	0	0	1	1	1	8	15	17	19	19	23	24	24	24	24	24	24	24	24	25	36	41	59	60	66	69	78	81	81	87	124	156	168	173	173
20151127	温州	0	0	3	3	3	3	3	5	7	20	24	33	45	45	45	45	45	45	45	45	45	45	46	47	47	48	81	84	92	98	126	126	135	184	230	248	266
20151128	嘉兴	
20151129	湖州	
20151130	绍兴	0	0	22	29	30	35	35	48	50	64	76	81	95	96	96	96	96	96	96	96	96	96	96	100	114	114	119	140	163	171	215	262	309	328	342	342	342
20151201	金华	0	0	4	4	4	4	4	4	8	21	23	29	40	40	40	40	40	40	40	40	40	40	45	77	82	84	90	90	90	116	111	137	142	166	177	203	246
20151202	衢州	0	0	0	4	9	10	11	11	19	20	20	20	24	26	27	27	27	27	27	27	27	27	27	35	36	40	41	43	43	56	62	66	75	82	83	83	83
20151203	丽水	1	3	15	19	19	23	29	29	42	None	42	45	45	45	48	48	48	48	48	48	48	48	48	48	49	50	53	58	60	83	83	87	92	111	130	160	160
20151204	台州	0	0	0	5	7	10	12	14	15	16	19	25	26	None	36	45	45	45	45	45	45	45	45	45	45	49	84	110	114	123	139	156	159	160	167	192	214
20151205	舟山	
20151206	杭州	
20151207	宁波	0	0	3	7	13	23	24	27	28	28	28	28	30	47	47	47	47	47	47	47	47	47	47	76	80	100	122	129	135	155	166	190	247	263	414	433	465
20151208	温州	0	0	0	0	0	0	6	8	14	24	26	27	61	83	84	84	84	84	84	84	84	84	84	84	84	99	99	101	103	103	107	113	143	179	193	203	227
20151209	嘉兴	0	0	9	12	12	12	12	19	19	19	19	19	19	19	19	19	19	32	32	32	32	33	33	33	39	40	41	64	65	65	69	108	154	164	175	180	180
20151210	湖州	0	0	0	0	None	0	5	9	16	25	26	26	26	27	27	27	27	27	27	27	27	27	27	27	63	76	76	86	98	115	126	132	135	193	205	206	206
20151211	绍兴	0	0	0	0	5	26	39	46	46	46	48	59	59	59	60	60	60	60	60	60	60	60	60	60	60	93	110	144	158	197	220	246	310	354	449	485	485
20151212	金华	0	0	0	0	0	0	0	8	8	8	8	8	8	8	8	8	8	8	8	8	8	8	8	8	8	8	8	8	8	8	8	8	8	8	8	8	8
20151213	衢州	0	0	0	0	0	0	0	0	0	0	0	0	0	0	0	0	0	0	0	0	0	0	0	0	0	0	0	0	0	0	0	0	0	0	0	0	0
20151214	丽水	0	0	2	9	9	19	38	39	40	42	47	49	50	55	58	59	59	59	59	59	59	59	59	59	60	60	60	66	72	73	76	89	90	102	103	139	143
20151215	台州	0	0	0	1	1	1	1	1	1	1	1	1	23	29	30	32	32	32	33	33	33	33	33	33	37	42	47	53	57	70	97	111	122	140	168	168	217
20151216	舟山	0	0	4	5	11	11	12	12	15	15	15	24	24	29	29	29	29	29	29	29	29	29	29	29	29	31	31	31	31	31	33	34	35	38	49	50	50
20151217	杭州	0	0	0	29	152	158	160	173	173	173	173	173	173	173	173	205	318	318	318	318	318	318	321	345	381	388	395	446	488	511	548	548	608	643	772	891	926
20151218	宁波	0	0	0	8	8	8	16	31	32	32	42	60	103	103	105	105	105	105	105	105	105	105	131	141	151	182	219	251	263	298	358	372	383	510	522	634	659
20151219	温州	0	0	3	10	10	10	10	11	14	15	24	28	33	34	35	35	36	36	36	36	36	36	36	36	37	40	41	44	72	78	112	112	121	151	172	173	179
20151220	嘉兴	0	0	0	0	0	0	1	1	1	1	1	1	1	1	1	1	1	1	1	1	1	1	1	1	1	1	3	3	3	3	3	3	3	3	3	3	3
20151221	湖州	0	0	0	0	127	140	149	149	150	153	160	163	165	174	176	179	179	179	179	179	179	179	184	208	224	256	262	266	269	269	276	315	398	399	455	458	458
20151222	绍兴	0	0	0	51	54	79	99	114	146	164	191	217	227	261	334	369	384	384	384	384	384	384	384	384	391	425	527	591	1374	1445	1445	1818	2107	2138	2263	2379	2521
20151223	金华	0	0	5	5	5	5	5	5	5	6	6	6	6	6	6	10	10	10	10	10	10	10	10	15	21	21	22	22	22	24	24	34	38	40	42	42	45
20151224	衢州	0	0	0	0	0	0	4	4	4	4	4	4	4	4	4	4	4	4	4	4	4	4	4	4	8	9	9	10	10	10	10	10	10	17	17	18	18
20151225	丽水	0	0	0	0	0	0	0	0	0	0	4	5	7	7	7	7	7	7	7	7	7	7	7	7	7	7	7	8	25	27	29	37	42	42	44	46	46
20151226	台州	0	0	0	0	0	0	0	0	0	0	0	0	0	0	0	0	0	0	0	0	0	0	0	0	0	0	0	0	0	0	0	0	0	0	0	0	0
20151227	舟山	
20151228	杭州	0	0	0	0	3	3	4	5	7	11	55	55	68	91	91	91	91	91	91	91	91	91	91	91	91	91	107	107	111	112	129	131	147	155	171	180	186
20151229	宁波	0	0	0	2	4	4	6	6	9	9	9	12	13	16	16	16	16	16	16	16	16	16	30	36	36	41	48	56	61	65	78	85	95	112	173	273	279
20151230	温州	0	3	3	3	3	3	6	6	7	8	9	9	10	10	10	10	10	10	10	10	10	10	10	10	10	12	17	21	22	22	24	29	32	35	65	73	79
20151231	嘉兴	0	0	0	5	5	5	5	5	6	6	6	8	16	16	17	17	17	17	17	17	17	17	17	17	17	58	58	70	82	104	110	120	120	121	124	146	147
20160101	湖州	0	0	0	0	0	0	0	0	0	0	0	0	0	0	0	0	0	0	0	0	0	0	0	0	0	0	0	0	0	0	0	0	0	0	0	0	0
20160102	绍兴	
20160103	金华	
20160104	衢州	0	0	1	1	1	1	1	1	1	1	1	3	3	7	9	10	10	10	10	10	10	10	10	10	10	10	10	11	11	11	14	None	None	None	None	None	None
20160105	丽水	0	0	0	0	0	1	2	2	2	3	3	4	4	4	5	5	5	5	5	5	5	5	5	5	5	5	5	6	12	14	18	18	23	38	44	47	47
20160106	台州	1	1	9	12	20	24	26	26	26	26	26	26	26	26	97	97	99	99	99	99	99	99	99	99	101	102	117	126	128	135	140	153	162	180	206	216	216
20160107	舟山	0	0	0	0	0	0	0	0	0	1	1	1	2	2	2	2	2	2	2	2	2	2	2	2	2	2	3	5	5	5	5	5	5	6	6	6	6
20160108	杭州	0	0	9	16	16	56	62	82	87	87	109	159	162	166	169	169	169	169	169	169	169	169	179	230	252	266	290	298	304	320	336	394	432	483	525	553	554
20160109	宁波	
20160110	温州	0	0	0	0	0	0	0	0	0	0	0	0	0	0	0	0	0	0	0	0	0	0	0	0	0	0	0	0	0	0	0	0	0	0	0	0	0
20160111	嘉兴	0	3	4	11	11	11	13	13	15	15	15	15	20	20	20	20	20	21	21	23	23	23	32	32	32	40	40	41	42	43	52	55	58	71	88	88	88
20160112	湖州	0	0	0	0	3	17	17	17	17	17	17	17	17	17	17	17	17	17	17	17	17	17	17	17	17	18	18	20	20	20	52	57	58	60	66	66	66
20160113	绍兴	0	6	13	13	13	13	14	28	28	28	28	30	30	30	30	30	30	30	30	30	30	30	30	31	38	53	53	59	59	70	105	119	142	152	156	157	157
20160114	金华	0	0	4	10	10	11	None	12	15	17	17	17	17	17	17	17	17	17	17	17	17	17	17	26	27	34	35	38	42	47	50	61	69	75	92	125	125
20160115	衢州	
20160116	丽水	0	0	0	1	4	4	6	7	7	7	8	8	10	13	13	19	19	19	19	19	19	19	19	19	21	27	27	42	44	47	50	60	62	65	78	96	104
20160117	台州	0	2	8	10	13	16	17	20	31	31	34	41	42	46	48	48	48	48	48	48	48	48	48	49	60	68	76	79	93	140	146	161	177	236	238	242	256
20160118	舟山	0	0	0	0	0	0	0	0	0	0	0	0	0	0	0	0	0	0	0	0	0	0	0	1	3	3	6	6	6	6	6	6	6	6	7	7	7
20160119	杭州	0	0	3	3	6	7	7	8	11	37	46	53	57	57	60	63	63	63	63	63	63	63	63	65	69	84	123	160	164	189	200	222	248	285	321	374	397
20160120	宁波	0	0	3	7	7	15	15	16	24	26	40	55	56	74	74	74	74	74	74	74	74	75	79	98	108	139	148	195	217	227	227	281	387	409	463	469	469
20160121	温州	1	1	6	10	10	10	13	29	30	50	55	59	59	59	59	59	59	63	63	63	63	63	63	63	80	88	101	109	118	138	156	188	209	254	271	305	354
20160122	嘉兴	0	13	25	29	31	31	38	57	72	75	85	91	118	143	143	162	194	227	227	231	231	235	254	262	286	348	348	350	358	366	370	382	412	453	477	504	522
20160123	湖州	0	0	0	0	0	0	0	0	0	0	0	0	0	0	0	0	0	0	0	0	0	0	0	0	0	0	0	0	0	0	0	0	0	0	0	0	0
20160124	绍兴	
20160125	金华	0	0	2	9	12	12	31	31	32	32	34	34	35	35	35	35	35	35	35	35	35	35	35	38	44	46	46	58	112	137	137	143	163	172	180	185	190
20160126	衢州	0	0	0	0	2	2	2	4	4	4	4	4	4	11	12	12	12	12	12	12	12	12	12	12	16	16	20	20	31	33	47	48	54	55	66	67	67
20160127	丽水	0	0	0	9	9	10	14	15	17	20	20	30	30	30	31	31	31	31	31	31	31	31	31	31	33	34	43	47	47	50	52	56	58	71	91	94	94
20160128	台州	0	0	6	17	22	25	32	34	38	47	55	56	60	63	67	67	67	67	67	67	67	67	67	67	79	90	96	99	108	119	129	134	145	187	208	223	223
20160129	舟山	1	3	6	7	7	10	10	10	11	11	11	11	18	19	20	20	20	20	20	20	20	20	20	20	20	22	29	32	37	37	41	56	57	65	99	100	100
20160130	杭州	0	0	0	0	0	0	0	0	0	0	0	0	0	0	0	0	0	0	0	0	0	0	0	0	0	0	0	0	0	0	0	0	0	0	0	0	0
20160131	宁波	0	0	0	0	0	0	0	0	0	0	0	0	0	0	0	0	0	0	8	8	8	8	8	8	8	14	14	14	14	14	14	14	14	14	14	14	14
20160201	温州	0	1	1	2	2	2	3	9	9	11	12	12	12	14	14	14	16	16	17	17	17	17	17	17	20	35	44	47	48	63	67	73	81	107	117	136	141
20160202	嘉兴	0	0	0	0	0	11	11	11	11	14	14	19	19	19	20	20	20	20	20	20	20	24	30	31	58	58	59	60	97	98	105	114	125	133	135	138	138
20160203	湖州	0	0	0	0	0	0	0	0	0	0	18	20	20	20	20	20	20	20	20	20	20	20	24	32	32	32	32	53	76	77	88	142	176	184	184	186	186
20160204	绍兴	0	0	0	1	3	11	11	11	13	21	25	28	31	31	31	31	31	31	31	31	31	31	31	31	31	31	38	109	136	144	161	174	214	262	262	262	262
20160205	金华	0	0	0	7	26	26	32	43	48	57	64	64	93	130	130	130	130	130	130	130	130	130	132	135	135	142	143	165	180	224	230	243	290	316	316	321	331
20160206	衢州	0	0	0	3	4	4	5	5	14	14	14	18	20	20	20	20	20	20	20	20	20	20	20	20	20	22	23	23	23	23	23	23	23	23	23	23	23
20160207	丽水	0	0	0	0	0	0	0	0	0	0	0	0	0	0	0	0	0	0	0	0	0	0	0	0	0	0	0	0	0	0	0	0	0	0	0	0	0
20160208	台州	0	0	0	0	0	0	0	0	0	0	0	0	0	0	0	0	0	0	0	0	0	0	0	0	0	0	0	0	0	0	0	0	0	0	0	0	0
20160209	舟山	0	0	0	0	0	0	0	0	0	0	0	0	0	0	0	0	0	0	0	0	0	0	0	0	0	0	0	0	0	0	0	0	0	0	0	0	0
20160210	杭州	0	0	0	0	0	0	0	0	0	0	0	0	0	0	0	0	0	0	0	0	0	0	0	0	0	0	0	0	0	0	0	0	0	0	0	0	0
20160211	宁波	0	0	0	0	0	0	0	0	0	0	0	0	0	0	0	0	0	0	0	0	0	0	0	0	0	0	0	0	0	0	0	0	0	0	0	0	0
20160212	温州	0	0	0	0	0	0	0	0	0	0	0	0	0	0	0	0	0	0	0	0	0	0	0	0	0	0	0	0	0	0	0	0	0	0	0	0	0
20160213	嘉兴	0	0	0	0	0	0	0	0	0	0	0	0	0	0	0	0	0	0	0	0	0	0	0	0	0	0	0	0	0	0	0	0	0	0	0	0	0
20160214	湖州	0	0	0	0	0	0	0	0	0	0	0	0	0	0	0	0	0	0	0	0	0	0	2	2	2	2	2	2	2	2	2	2	2	2	2	2	2
20160215	绍兴	0	0	0	0	0	0	0	3	3	3	3	5	5	5	5	5	5	5	5	5	5	5	5	5	5	5	5	5	5	5	5	15	16	16	16	16	16
20160216	金华	0	0	0	0	0	5	13	15	15	15	22	22	30	34	40	40	40	40	40	40	40	40	40	51	51	54	57	67	73	79	79	91	102	109	127	132	132
20160217	衢州	0	0	0	0	2	3	3	3	3	15	15	16	17	23	24	24	24	24	24	25	25	25	25	25	25	28	28	36	36	39	39	40	42	52	52	53	53
20160218	丽水	0	0	0	1	6	6	6	15	45	57	58	58	60	60	60	60	60	60	60	60	60	60	60	60	61	63	65	66	67	72	72	73	76	91	104	109	109
20160219	台州	0	0	0	5	11	13	20	20	27	30	30	32	40	45	47	47	47	48	48	48	48	49	49	49	53	59	67	75	95	123	130	131	157	163	175	183	187
20160220	舟山	0	2	2	2	3	3	3	3	3	4	4	4	4	4	6	6	6	6	6	6	6	6	6	6	7	8	11	11	11	11	11	11	12	13	13	13	13
20160221	杭州	0	0	7	7	14	28	41	42	51	62	87	97	104	106	109	109	109	109	109	109	109	109	113	129	134	139	145	157	190	236	253	303	325	348	372	388	454
20160222	宁波	0	0	2	3	12	15	15	16	19	35	37	40	53	56	63	63	63	63	63	63	63	63	69	80	109	125	134	145	145	167	176	186	202	247	325	431	435
20160223	温州	0	0	0	0	4	4	4	4	4	4	9	14	17	17	17	17	17	17	17	17	17	17	17	17	17	19	22	23	38	39	46	50	64	82	108	168	184
20160224	嘉兴	0	0	0	0	0	3	3	18	18	29	29	30	31	35	35	35	35	35	35	35	35	35	35	35	35	36	37	40	69	70	78	86	98	106	110	127	127
20160225	湖州	0	0	0	8	12	16	16	16	23	24	27	28	31	31	50	51	51	51	51	51	51	51	51	69	69	79	79	79	87	87	93	103	116	128	128	148	148
20160226	绍兴	0	0	0	0	0	0	5	14	24	28	53	96	96	101	101	104	104	104	104	104	104	104	104	104	104	168	212	227	235	250	269	325	357	383	447	510	513
20160227	金华	
20160228	衢州	0	0	0	0	0	0	0	0	0	0	0	0	0	0	0	0	0	0	0	0	0	0	0	0	0	0	0	0	0	0	0	0	0	0	0	0	0
20160229	丽水	0	0	0	0	2	2	2	3	12	18	23	28	34	42	54	58	59	59	59	59	59	59	59	65	76	81	87	91	122	132	165	182	236	256	286	330	362
20160301	台州	0	0	0	1	1	1	1	1	3	4	6	7	9	11	11	13	13	13	13	13	13	13	13	13	16	16	19	23	26	31	49	57	87	109	121	154	157
20160302	舟山	0	1	1	1	1	1	1	1	1	2	2	2	2	2	2	2	2	2	2	2	2	2	2	2	4	4	4	7	7	7	7	7	7	7	7	7	7
20160303	杭州	0	0	0	3	5	10	10	22	27	31	34	37	41	42	47	48	48	48	48	48	51	53	53	64	66	74	76	126	146	151	166	184	202	218	235	272	282
20160304	宁波	1	1	3	3	3	3	8	15	27	27	28	28	28	28	28	28	28	28	53	53	60	60	62	63	81	87	89	113	141	165	212	228	242	302	352	372	379
20160305	温州	
20160306	嘉兴	
20160307	湖州	0	0	0	0	0	0	0	0	0	0	0	0	3	3	3	3	3	3	3	3	3	3	3	9	9	9	9	10	10	10	37	37	37	48	49	52	52
20160308	绍兴	None	None	None	None	None	0	3	3	3	9	9	9	9	34	44	45	45	45	45	45	45	45	45	45	46	58	75	75	77	85	87	87	90	121	124	124	124
20160309	金华	0	0	0	2	8	8	8	8	18	18	18	32	32	34	35	35	35	35	38	38	38	38	38	38	54	54	61	70	70	96	159	184	207	230	246	248	260
20160310	衢州	0	0	0	0	0	5	8	8	8	12	13	15	15	16	16	16	16	16	16	16	16	16	16	16	16	24	24	26	26	36	37	37	50	58	74	85	85
20160311	丽水	0	0	1	1	1	1	6	9	9	12	15	18	18	19	21	21	21	21	21	22	22	22	22	22	22	22	23	28	31	33	38	40	41	56	71	76	83
20160312	台州	0	0	0	0	0	0	0	0	0	0	0	0	0	0	0	0	0	0	0	0	0	0	0	0	0	0	0	0	0	0	0	0	0	0	0	0	0
20160313	舟山	
20160314	杭州	0	0	0	1	3	3	4	22	25	28	32	37	55	72	72	72	73	73	73	73	73	73	73	78	84	91	104	148	158	170	197	206	227	242	297	342	358
20160315	宁波	2	2	4	6	8	14	17	17	29	29	31	36	37	45	45	47	47	47	47	47	47	52	58	101	101	124	134	153	211	236	276	293	318	357	420	506	507
20160316	温州	1	4	4	4	4	4	10	11	16	19	25	31	31	32	32	32	32	32	32	32	32	32	32	32	35	47	57	76	96	104	105	108	109	145	165	179	198
20160317	嘉兴	0	1	1	1	1	3	6	10	13	13	14	14	18	18	19	19	20	20	20	20	20	20	20	20	20	30	34	34	41	44	71	72	73	92	92	103	103
20160318	湖州	0	0	0	0	0	0	2	10	11	32	51	51	57	57	64	64	64	64	64	64	64	64	64	79	79	79	79	79	79	131	144	159	172	172	177	190	190
20160319	绍兴	0	0	0	0	0	0	0	0	0	0	0	0	0	0	0	0	0	0	0	0	0	0	0	0	0	0	0	0	0	0	0	0	0	0	0	0	0
20160320	金华	0	0	0	0	0	0	0	0	0	0	0	0	0	0	0	0	0	0	0	0	0	0	0	0	0	0	0	0	0	0	0	0	0	0	0	0	0
20160321	衢州	0	0	0	4	8	8	9	11	11	11	11	11	11	15	23	23	23	23	23	23	23	25	25	25	27	30	30	30	32	32	40	57	60	65	71	82	82
20160322	丽水	0	0	0	0	3	3	4	4	4	7	11	12	12	12	23	24	24	24	24	24	24	24	24	24	26	28	30	42	44	48	71	87	87	258	159	161	161
20160323	台州	0	4	9	18	25	31	36	38	42	44	49	50	51	53	56	57	58	58	58	63	63	63	63	63	68	73	76	97	98	107	116	143	163	227	265	299	304
20160324	舟山	18	18	18	19	20	20	22	22	23	24	24	24	26	26	26	26	26	26	26	26	26	26	26	27	27	69	69	69	69	69	74	76	76	76	76	76	76
20160325	杭州	0	0	4	13	14	18	36	55	72	72	72	72	72	72	72	72	147	199	199	199	199	201	215	327	335	389	398	417	443	455	509	522	544	610	653	667	669
20160326	宁波	0	0	0	0	0	0	0	0	0	0	0	0	0	0	0	0	0	0	0	0	0	0	0	0	0	0	0	0	0	0	0	0	0	0	0	0	0
20160327	温州	0	0	0	0	0	0	0	0	0	0	0	0	0	0	0	0	0	0	0	0	0	0	0	0	0	0	0	0	0	0	0	0	0	0	0	0	0
20160328	嘉兴	0	0	1	1	1	4	19	19	20	22	30	30	40	42	42	42	42	42	42	42	42	42	43	44	46	46	46	46	46	61	61	80	83	105	129	129	129
20160329	湖州	0	1	2	2	2	3	3	3	3	23	23	23	23	23	23	63	63	63	63	63	63	63	63	63	138	138	139	158	158	160	173	204	232	239	239	239	239
20160330	绍兴	0	0	0	0	0	0	0	226	234	254	254	255	281	284	305	305	305	305	305	305	305	305	306	387	444	459	496	512	534	539	561	562	615	643	691	691	691
20160331	金华	0	38	79	141	200	254	340	382	458	591	623	655	691	738	738	740	729	728	728	728	728	736	875	1018	1101	1239	1325	1418	1529	1589	1616	1665	1711	1801	1874	1892	1893
20160401	衢州	0	0	12	13	13	13	13	13	13	13	13	15	15	19	26	27	27	27	27	27	27	28	28	28	35	39	None	None	None	None	None	None	None	None	None	None	None
20160402	丽水	
20160403	台州	
20160404	舟山	
