date	place	8:30	8:45	 9:00	9:15	9:30	9:45	 10:00	10:15	10:30	10:45	11:00	11:15	11:30	11:45	12:00	12:15	12:30	12:45	13:00	13:15	13:30	13:45	14:00	14:15	14:30	14:45	15:00	15:15	15:30	15:45	 16:00	16:15	16:30	16:45	17:00	17:15	17:30
20140729	杭州	
20140730	宁波	
20140731	温州	
20140801	嘉兴	
20140802	湖州	
20140803	绍兴	
20140804	金华	
20140805	衢州	
20140806	丽水	
20140807	台州	
20140808	舟山	
20140809	杭州	
20140810	宁波	
20140811	温州	
20140812	嘉兴	
20140813	湖州	
20140814	绍兴	
20140815	金华	
20140816	衢州	
20140817	丽水	
20140818	台州	
20140819	舟山	
20140820	杭州	
20140821	宁波	
20140822	温州	
20140823	嘉兴	
20140824	湖州	
20140825	绍兴	
20140826	金华	
20140827	衢州	
20140828	丽水	
20140829	台州	
20140830	舟山	
20140831	杭州	
20140901	宁波	None	None	None	None	None	None	None	None	None	None	None	None	None	None	None	None	None	None	None	None	None	None	None	None	None	None	None	None	None	None	None	None	None	None	None	None	None
20140902	温州	None	None	None	None	None	None	None	None	None	None	None	None	None	None	None	None	None	None	None	None	None	None	None	None	None	None	None	None	None	None	None	None	None	None	None	None	None
20140903	嘉兴	None	None	None	None	None	None	None	None	None	None	None	None	None	None	None	None	None	None	None	None	None	None	None	None	None	None	None	None	None	None	None	None	None	None	None	None	None
20140904	湖州	6	9	14	21	32	48	55	63	93	105	114	119	124	128	133	137	140	143	145	145	146	146	146	146	177	195	203	217	232	242	255	259	266	268	272	277	277
20140905	绍兴	7	10	20	31	43	60	76	93	109	131	172	184	192	198	203	203	206	206	206	207	211	211	212	214	220	231	237	257	280	292	332	335	374	374	389	390	390
20140906	金华	
20140907	衢州	
20140908	丽水	
20140909	台州	8	14	48	92	154	177	205	209	236	252	273	286	306	311	316	317	318	318	319	319	320	320	320	320	321	333	360	387	406	441	464	480	493	500	524	534	541
20140910	舟山	0	2	3	9	15	17	17	17	17	17	17	17	17	53	53	53	53	53	53	53	53	54	54	54	54	65	69	73	73	84	84	94	97	97	99	102	102
20140911	杭州	0	6	36	60	79	96	121	145	179	218	247	270	297	321	334	337	338	341	342	342	343	346	349	353	363	377	402	455	501	534	559	585	621	714	684	726	739
20140912	宁波	26	48	87	111	144	174	209	242	279	311	339	350	368	379	381	383	385	385	389	391	394	394	395	401	416	435	456	486	507	516	531	545	562	575	584	591	593
20140913	温州	
20140914	嘉兴	
20140915	湖州	9	12	29	44	89	103	114	128	137	145	154	168	182	189	196	196	196	196	196	196	196	196	196	200	209	218	231	237	246	253	261	268	272	276	286	289	289
20140916	绍兴	8	15	26	52	79	93	112	137	151	181	191	206	216	216	231	231	231	231	231	231	231	231	231	231	238	251	265	271	290	301	301	301	301	301	301	301	301
20140917	金华	3	16	36	64	83	97	107	107	107	107	107	107	107	107	279	279	279	279	279	279	279	279	279	291	291	361	361	438	454	509	556	556	556	556	556	556	556
20140918	衢州	0	0	4	6	9	12	14	21	21	21	21	39	39	48	51	52	52	52	52	52	52	52	52	53	55	56	59	59	67	69	73	73	75	82	86	86	90
20140919	丽水	0	0	1	6	12	16	25	25	27	35	34	40	43	45	45	57	57	57	57	57	57	57	57	57	57	58	61	61	61	61	68	72	73	73	73	73	73
20140920	台州	
20140921	舟山	
20140922	杭州	0	3	7	37	52	52	136	152	186	189	228	245	245	266	266	266	266	290	296	296	296	296	302	307	329	351	361	392	412	418	418	443	456	468	468	468	468
20140923	宁波	21	96	130	209	279	330	386	386	516	557	622	664	703	711	715	716	718	718	719	720	720	722	731	749	782	824	878	916	988	1009	1085	1119	1155	1194	1209	1225	1225
20140924	温州	6	20	55	108	142	142	142	142	280	318	358	373	394	402	410	411	412	412	412	412	412	415	415	419	438	466	495	534	562	581	649	692	709	727	736	741	749
20140925	嘉兴	0	3	6	8	8	29	34	43	63	82	91	97	103	106	108	109	110	111	113	116	123	132	132	136	143	158	158	196	202	202	235	245	257	267	275	280	283
20140926	湖州	2	5	5	5	5	5	5	5	5	66	81	95	100	102	106	107	107	107	107	107	107	107	107	109	119	127	134	138	141	144	146	151	161	163	168	174	174
20140927	绍兴	0	0	0	0	0	0	0	0	0	0	0	0	0	0	0	0	0	0	0	0	0	0	0	0	0	0	0	0	0	0	0	0	0	0	0	0	0
20140928	金华	
20140929	衢州	1	10	18	24	25	29	33	39	42	48	59	65	71	74	77	78	78	78	79	81	81	81	81	82	85	86	94	102	109	117	124	127	131	136	140	140	140
20140930	丽水	0	0	2	6	18	23	32	37	42	44	54	56	58	60	61	61	61	61	61	61	61	61	61	61	61	61	61	66	70	74	74	76	75	75	76	76	76
20141001	台州	
20141002	舟山	
20141003	杭州	
20141004	宁波	
20141005	温州	
20141006	嘉兴	
20141007	湖州	
20141008	绍兴	0	11	28	46	58	99	114	151	180	198	215	235	252	258	258	258	258	258	258	258	258	321	323	336	358	384	392	428	445	461	472	485	497	512	513	514	514
20141009	金华	8	14	25	63	63	63	177	211	231	265	293	310	327	333	339	339	340	340	340	340	340	344	364	409	449	480	504	524	543	560	579	599	621	635	642	650	656
20141010	衢州	4	5	7	13	19	32	40	49	53	60	66	77	82	90	95	98	98	98	98	98	98	98	98	98	99	102	109	119	125	138	148	155	161	169	179	193	196
20141011	丽水	0	0	2	10	22	28	47	55	64	72	88	109	116	121	124	125	126	126	126	126	126	126	126	126	126	126	126	129	134	136	142	146	150	152	155	156	156
20141012	台州	0	0	0	0	0	0	0	0	0	0	0	0	0	0	0	0	0	0	0	0	0	0	0	0	0	0	0	0	0	0	0	0	0	0	0	0	0
20141013	舟山	1	1	4	12	18	11	14	15	16	18	22	22	25	26	26	26	26	26	26	26	26	27	30	31	35	35	35	35	35	35	35	35	35	54	54	54	54
20141014	杭州	0	0	38	102	124	153	200	242	281	310	355	396	415	428	442	446	447	448	449	451	452	461	472	472	472	472	472	472	472	472	762	779	828	844	873	881	888
20141015	宁波	21	74	88	126	155	167	185	203	218	232	255	278	294	296	296	296	299	299	299	299	299	308	326	345	364	387	414	432	451	469	481	509	530	545	547	547	547
20141016	温州	1	9	28	46	71	105	133	155	175	195	207	220	228	236	237	238	238	250	252	252	252	252	252	257	278	312	329	344	363	381	402	421	445	465	471	481	480
20141017	嘉兴	0	1	9	40	43	46	51	60	64	69	81	86	99	104	104	107	109	109	109	109	110	111	125	135	150	162	171	171	209	226	240	252	258	261	261	261	261
20141018	湖州	
20141019	绍兴	
20141020	金华	122	123	149	171	200	218	244	267	298	333	367	387	404	410	421	423	424	424	424	424	424	432	447	473	494	520	551	584	605	634	662	672	686	692	696	706	713
20141021	衢州	1	4	7	8	13	16	19	22	22	29	31	33	36	39	39	39	39	39	41	41	41	43	46	48	52	54	54	59	64	66	69	71	73	74	77	78	79
20141022	丽水	0	1	4	4	5	7	10	11	14	15	16	17	18	21	23	23	23	23	23	23	23	23	23	23	23	23	23	23	23	23	23	23	41	44	45	45	45
20141023	台州	13	55	74	89	124	143	181	204	234	251	263	273	282	289	289	289	289	290	290	290	290	290	293	294	294	345	380	393	429	463	490	None	None	None	None	None	None
20141024	舟山	2	3	6	11	16	23	27	32	37	41	43	47	51	54	54	54	54	54	54	54	54	58	61	63	67	68	70	76	83	86	88	90	90	93	94	94	94
20141025	杭州	
20141026	宁波	
20141027	温州	0	11	25	30	60	126	171	210	327	380	400	439	456	461	464	467	468	470	472	476	477	478	480	493	526	553	577	615	646	675	716	753	786	806	828	842	844
20141028	嘉兴	0	1	6	15	25	41	56	73	95	115	129	145	162	169	171	171	175	176	176	176	176	179	181	197	213	230	243	254	269	282	295	304	313	323	326	328	328
20141029	湖州	2	9	19	33	46	56	73	86	103	117	132	139	147	152	155	157	158	159	159	159	159	159	160	162	165	171	181	184	187	192	194	196	198	198	199	199	201
20141030	绍兴	11	14	23	38	52	66	81	106	127	144	161	181	189	207	212	213	213	213	213	215	215	216	223	235	254	264	284	311	325	335	359	371	377	382	386	386	386
20141031	金华	1	3	20	45	69	108	127	152	185	211	231	255	282	299	302	302	302	302	302	302	302	307	322	345	369	401	430	448	465	486	506	518	529	547	552	552	552
20141101	衢州	
20141102	丽水	
20141103	台州	10	17	34	55	75	95	109	147	169	189	200	221	228	238	242	243	244	245	245	245	246	246	248	255	270	300	339	371	391	403	425	443	466	485	496	496	496
20141104	舟山	0	0	4	12	17	24	30	33	41	47	54	63	67	69	69	69	69	69	69	69	69	70	80	88	100	110	118	123	123	123	123	123	123	123	123	133	133
20141105	杭州	3	3	34	58	87	110	139	166	197	221	254	283	307	328	331	348	350	353	354	357	359	365	380	401	430	475	497	541	567	605	646	692	722	739	739	739	739
20141106	宁波	2	2	2	55	62	168	184	223	256	311	350	366	375	375	375	375	375	375	375	375	412	412	412	412	482	511	529	542	554	580	597	612	618	618	618	618	640
20141107	温州	0	0	39	68	87	99	114	136	160	191	222	232	244	252	255	255	255	255	257	257	257	257	259	270	291	316	330	347	360	369	378	393	405	408	408	421	425
20141108	嘉兴	0	0	1	3	3	3	3	3	3	3	3	3	3	60	60	60	60	60	60	60	60	60	60	60	60	60	60	60	60	79	79	79	79	79	79	79	79
20141109	湖州	
20141110	绍兴	9	15	23	39	56	80	104	132	142	153	161	178	186	200	212	218	226	234	241	244	244	245	247	261	276	308	323	343	356	365	384	391	398	399	400	400	400
20141111	金华	5	14	24	40	57	76	98	114	130	151	178	219	237	249	249	249	249	249	249	249	249	252	272	294	328	349	370	393	411	441	462	477	495	506	516	516	518
20141112	衢州	2	4	6	14	20	26	36	41	47	60	63	66	68	75	76	76	76	76	76	76	76	76	77	80	88	96	99	103	104	108	113	119	125	129	132	132	132
20141113	丽水	0	0	0	5	17	29	48	57	63	75	89	98	106	110	117	117	117	117	117	117	117	117	117	120	121	127	131	134	137	140	145	151	155	158	159	159	162
20141114	台州	9	23	30	42	58	79	97	112	138	156	166	186	190	190	191	191	191	193	193	193	193	193	194	212	228	240	255	275	290	314	344	351	354	361	365	365	365
20141115	舟山	
20141116	杭州	
20141117	宁波	1	5	18	34	41	41	41	41	41	41	41	41	176	177	180	180	181	181	182	185	192	201	208	219	224	239	254	261	270	283	288	288	288	288	288	288	288
20141118	温州	1	4	27	51	86	118	146	172	172	196	213	219	228	237	238	240	241	241	247	249	252	252	252	254	264	287	302	317	331	348	363	381	395	406	413	417	418
20141119	嘉兴	0	2	4	23	24	34	48	60	61	75	82	90	94	98	98	98	98	98	98	98	100	104	114	123	140	142	172	180	None	180	180	180	180	180	180	244	245
20141120	湖州	0	1	1	4	8	11	16	16	31	46	145	164	164	165	165	165	165	165	165	165	165	166	166	168	178	189	199	205	209	213	215	217	221	222	222	223	223
20141121	绍兴	0	0	1	9	14	18	21	23	28	32	35	37	40	43	43	43	43	45	45	47	47	50	52	53	59	64	67	71	71	76	76	76	77	77	77	77	77
20141122	金华	
20141123	衢州	
20141124	丽水	0	0	3	11	29	49	74	86	95	111	120	134	145	153	159	161	161	161	161	162	162	162	162	164	177	183	190	200	204	217	219	227	234	241	245	249	249
20141125	台州	11	48	72	92	127	159	183	208	238	281	319	340	368	379	384	384	384	386	388	391	394	394	396	402	429	445	495	538	565	598	623	638	662	670	685	693	697
20141126	舟山	0	1	2	7	8	11	12	13	20	22	22	33	37	38	38	38	41	44	45	45	45	45	47	51	55	58	60	62	63	65	66	68	68	68	69	69	69
20141127	杭州	0	2	13	38	55	75	98	125	155	177	195	222	238	257	272	281	284	284	287	292	297	304	320	349	367	391	432	462	481	506	516	543	576	592	604	610	613
20141128	宁波	1	7	17	45	83	123	177	217	257	289	321	351	372	380	388	389	392	394	396	398	401	411	435	469	492	522	549	560	578	605	636	649	670	680	686	687	689
20141129	温州	2	3	25	48	59	87	107	131	154	177	204	238	246	252	254	254	253	253	256	255	259	260	263	266	273	295	306	320	353	361	370	379	383	388	395	396	400
20141130	嘉兴	0	0	2	6	17	26	34	52	66	79	94	108	114	116	118	118	121	122	122	123	123	126	140	156	168	185	194	210	226	238	249	260	264	267	269	269	269
20141201	湖州	0	1	4	9	15	17	21	27	32	37	44	50	58	60	61	61	61	61	62	62	62	65	73	79	82	93	122	127	128	132	137	145	147	147	147	147	147
20141202	绍兴	2	4	16	38	50	64	81	95	109	121	128	136	141	150	152	154	156	157	157	158	158	158	158	162	171	190	201	212	220	227	240	249	264	273	282	282	282
20141203	金华	5	7	20	20	57	71	71	111	125	139	160	177	189	192	196	197	198	198	198	198	198	200	211	234	262	287	316	332	367	384	409	416	429	437	439	440	440
20141204	衢州	0	2	4	8	16	23	26	29	33	35	39	42	43	47	49	49	49	49	49	49	49	49	49	50	53	53	62	70	74	77	80	84	86	86	88	89	89
20141205	丽水	1	3	18	32	46	59	61	63	66	67	69	73	76	84	84	87	87	87	87	87	87	87	87	87	89	93	99	103	122	130	131	134	145	146	147	148	148
20141206	台州	
20141207	舟山	
20141208	杭州	0	6	18	55	77	100	128	164	191	230	257	296	339	363	375	380	381	381	382	383	385	391	421	441	468	493	509	546	559	597	627	643	667	699	733	740	740
20141209	宁波	2	3	20	42	56	80	105	138	163	185	205	244	256	263	263	266	266	266	267	268	273	281	294	316	349	382	422	462	489	511	516	516	516	516	516	516	516
20141210	温州	0	0	0	0	0	0	0	0	136	171	187	193	204	209	214	214	215	215	215	215	215	215	215	217	231	246	266	282	298	316	324	339	348	361	368	373	373
20141211	嘉兴	0	0	3	8	21	24	30	36	42	49	53	64	67	68	69	69	69	70	71	72	72	74	80	91	101	111	118	123	132	141	145	152	160	163	167	171	171
20141212	湖州	0	0	2	5	13	20	26	30	33	33	33	33	34	34	35	35	35	35	35	35	35	36	37	91	93	94	95	102	91	93	93	94	100	111	112	112	112
20141213	绍兴	1	1	3	3	4	5	5	8	9	9	9	9	9	9	10	10	10	11	11	11	12	12	12	12	12	12	12	12	12	12	12	12	12	12	12	12	12
20141214	金华	
20141215	衢州	2	2	6	7	12	15	17	23	27	29	29	29	29	29	29	29	29	45	45	45	45	45	46	46	48	52	57	62	64	66	69	72	74	74	74	75	75
20141216	丽水	0	0	2	6	16	27	28	34	35	38	42	46	57	68	69	69	69	69	69	71	71	69	69	75	80	82	84	86	86	86	86	86	86	86	86	86	86
20141217	台州	2	5	16	20	21	29	41	53	68	68	68	68	68	68	68	68	129	129	129	131	147	161	162	166	179	198	212	222	244	256	266	276	279	288	299	307	313
20141218	舟山	0	0	0	0	8	9	9	9	9	9	20	29	32	34	34	34	34	34	34	34	34	34	34	35	39	40	40	41	41	41	40	40	41	43	43	43	43
20141219	杭州	0	3	9	16	29	46	51	58	73	80	85	85	95	95	104	106	107	108	109	109	109	108	115	121	124	137	146	146	166	170	169	173	177	184	189	192	193
20141220	宁波	
20141221	温州	
20141222	嘉兴	0	1	2	3	7	7	9	13	18	18	22	27	27	27	27	27	27	27	27	27	27	27	27	31	36	38	41	43	44	44	46	48	50	51	52	53	55
20141223	湖州	3	10	102	115	115	119	119	155	180	191	206	230	250	259	266	268	271	272	273	273	278	288	309	334	354	378	394	408	417	447	454	467	478	484	491	493	493
20141224	绍兴	1	1	27	71	112	163	200	255	310	341	382	412	474	519	543	551	551	552	559	563	569	575	585	622	668	719	756	797	845	884	921	950	976	999	1009	1014	1014
20141225	金华	2	7	38	119	183	247	310	370	432	486	533	576	623	658	678	690	695	729	736	736	737	747	793	841	887	937	993	1027	1066	1107	1140	1173	1204	1226	1240	1244	1247
20141226	衢州	0	2	6	14	22	32	48	54	63	79	83	90	96	103	110	111	112	112	114	116	117	118	120	122	134	140	144	147	149	161	171	184	185	185	189	190	190
20141227	丽水	0	0	0	0	0	0	0	0	0	0	0	0	0	0	0	0	0	0	0	0	0	0	0	0	0	0	0	0	0	0	0	0	0	0	0	0	0
20141228	台州	0	0	0	0	0	0	0	0	0	0	0	0	0	0	0	0	0	0	0	0	0	0	0	0	0	0	0	0	0	0	0	0	0	0	0	0	0
20141229	舟山	0	2	2	6	8	13	19	25	32	40	48	56	61	68	69	69	69	69	69	69	69	70	72	80	85	93	97	99	99	101	101	106	110	116	123	123	123
20141230	杭州	0	4	32	68	96	102	185	245	291	321	358	416	441	490	502	511	518	520	526	538	552	566	589	624	656	697	756	790	824	876	914	975	1009	1065	1100	1126	1141
20141231	宁波	3	4	16	27	39	58	93	114	133	133	250	284	342	342	342	342	342	342	342	342	342	395	415	429	452	483	500	509	527	548	563	576	586	594	595	595	594
20150101	温州	0	0	0	0	0	0	0	0	0	0	0	0	0	0	0	0	0	0	0	0	0	0	0	0	0	0	0	0	0	0	0	0	0	0	0	0	0
20150102	嘉兴	
20150103	湖州	
20150104	绍兴	0	2	17	17	17	17	17	17	17	17	17	296	334	355	369	374	377	379	379	379	381	382	387	394	416	436	436	508	510	510	510	609	633	646	None	651	651
20150105	金华	2	3	10	66	99	134	185	185	269	290	322	387	425	444	444	457	469	494	502	502	502	503	522	554	595	627	667	693	723	738	771	793	815	830	843	845	848
20150106	衢州	2	4	8	16	24	39	50	60	76	77	91	99	110	116	124	130	130	130	131	131	131	131	131	135	143	152	161	169	180	190	195	207	210	213	215	215	216
20150107	丽水	0	0	3	2	9	22	29	35	43	63	71	83	88	97	102	104	104	104	104	104	104	104	104	105	114	123	140	155	164	181	203	213	225	233	237	240	240
20150108	台州	6	35	61	73	88	110	122	138	165	182	197	203	214	218	219	219	219	219	219	219	219	219	221	226	243	262	288	310	332	350	368	390	409	None	475	481	482
20150109	舟山	0	0	1	9	10	10	10	10	10	10	10	10	52	53	53	53	53	53	53	53	53	53	54	56	58	59	59	59	61	66	66	66	66	66	68	68	68
20150110	杭州	0	0	0	0	0	0	0	0	0	0	0	0	0	0	0	0	0	0	0	0	0	0	0	0	0	0	0	0	0	0	0	0	0	0	0	0	0
20150111	宁波	
20150112	温州	2	8	20	62	92	133	199	238	279	313	339	379	423	447	473	473	480	483	487	488	490	490	493	500	527	569	601	636	671	694	720	760	796	814	834	849	851
20150113	嘉兴	0	0	17	20	39	60	82	107	128	147	170	192	213	218	227	229	229	229	229	229	229	232	245	259	273	299	316	335	346	346	392	409	423	420	426	430	430
20150114	湖州	1	3	6	17	19	26	37	43	56	72	87	98	107	112	123	126	127	128	128	128	131	135	147	156	166	172	179	184	186	187	190	192	193	194	195	195	195
20150115	绍兴	3	3	4	23	28	53	69	98	125	146	160	174	186	218	226	231	234	234	234	235	237	237	239	242	259	279	296	312	326	363	383	400	411	419	422	424	424
20150116	金华	3	8	27	57	89	145	170	203	234	255	261	297	316	316	316	316	316	316	316	316	394	394	394	394	394	394	394	394	549	549	549	549	549	570	572	573	573
20150117	衢州	
20150118	丽水	
20150119	台州	1	3	20	50	82	136	192	242	282	325	362	394	412	418	422	426	426	426	426	426	426	426	428	433	459	495	536	597	633	661	681	726	750	760	783	790	768
20150120	舟山	1	2	3	5	8	9	12	19	25	25	28	32	32	32	32	32	32	32	32	32	32	32	33	34	34	36	38	40	43	45	45	48	49	51	51	51	51
20150121	杭州	0	0	17	42	65	65	65	65	65	66	268	316	353	375	382	387	390	393	395	404	405	413	449	487	520	569	597	676	706	726	754	786	809	835	851	886	894
20150122	宁波	0	2	6	14	18	23	27	31	36	41	46	46	47	47	47	47	47	47	47	47	47	50	53	56	57	56	59	60	61	63	63	63	64	64	65	65	66
20150123	温州	0	13	33	88	139	196	271	327	397	461	507	569	625	648	655	657	659	684	684	684	683	683	684	695	719	766	807	855	877	936	957	985	1004	1019	1028	1037	1039
20150124	嘉兴	
20150125	湖州	0	0	0	0	0	0	0	0	0	0	0	0	0	0	0	0	0	0	0	0	0	0	0	0	0	0	0	0	0	0	0	0	0	0	0	0	0
20150126	绍兴	2	7	23	69	131	176	209	274	311	324	349	370	403	433	455	470	472	475	476	478	481	484	490	500	534	568	597	629	661	690	727	745	762	773	777	777	777
20150127	金华	1	2	29	83	112	153	180	236	282	336	392	431	455	468	474	477	480	480	480	480	480	481	506	552	594	627	681	722	751	784	817	851	903	937	960	967	968
20150128	衢州	0	1	12	26	33	42	48	49	49	49	49	49	49	49	49	101	101	101	101	101	101	101	101	102	109	122	132	148	160	170	176	192	199	202	204	202	202
20150129	丽水	0	0	6	15	24	35	43	58	72	88	96	101	104	111	115	117	117	117	117	117	118	118	119	121	126	134	143	154	165	169	179	182	189	192	195	197	197
20150130	台州	1	1	7	18	18	45	59	72	86	94	112	121	130	135	138	143	143	143	144	144	144	144	144	144	151	166	172	183	185	197	201	204	209	210	212	213	None
20150131	舟山	0	0	1	5	5	11	14	15	16	16	19	20	23	23	24	24	24	25	26	26	26	26	31	37	40	44	45	49	50	56	57	57	58	58	58	58	None
20150201	杭州	0	0	20	41	48	93	130	167	198	222	251	292	333	365	374	383	384	384	384	384	384	392	408	424	456	473	487	520	531	561	600	622	638	654	664	668	None
20150202	宁波	4	14	43	78	116	142	171	204	230	261	299	325	345	350	353	354	356	357	358	358	359	368	393	420	452	479	506	550	588	616	642	674	710	739	756	762	766
20150203	温州	1	11	32	57	139	181	203	229	258	282	319	349	364	368	371	371	374	382	384	387	387	387	389	406	439	460	508	546	586	659	682	714	751	780	814	830	831
20150204	嘉兴	0	3	10	18	28	241	255	269	280	294	311	326	328	330	331	333	335	335	335	335	336	343	362	374	389	403	418	438	453	466	475	859	728	503	696	697	698
20150205	湖州	4	14	29	248	257	264	282	299	306	312	321	329	339	344	344	348	354	356	359	359	363	368	379	386	391	395	408	436	441	444	450	453	456	456	458	457	457
20150206	绍兴	6	8	21	None	49	87	124	136	179	202	216	231	240	255	264	265	267	268	270	270	270	271	272	273	278	305	317	317	317	360	365	375	388	395	399	401	402
20150207	金华	
20150208	衢州	
20150209	丽水	0	0	2	9	18	30	46	68	75	92	100	121	137	153	158	160	160	160	160	160	160	161	161	166	180	193	213	230	None	259	None	None	298	306	310	313	314
20150210	台州	0	1	5	23	27	27	27	27	58	58	58	58	58	58	58	58	188	188	188	188	188	188	188	188	199	219	254	269	287	310	325	335	341	363	381	389	391
20150211	舟山	0	0	1	2	3	6	7	10	12	12	13	15	18	19	22	22	22	22	22	22	22	22	22	23	25	25	27	29	29	29	29	29	47	49	49	49	49
20150212	杭州	0	0	23	58	88	122	144	174	228	266	302	328	403	425	447	454	463	497	526	544	561	577	603	632	667	699	754	794	814	835	855	874	919	938	962	970	972
20150213	宁波	0	4	14	26	44	57	67	80	93	110	114	141	151	155	155	155	156	156	156	156	157	158	169	185	197	200	215	225	237	242	253	273	278	284	294	294	294
20150214	温州	0	0	0	0	0	1	1	1	1	1	1	1	1	1	1	1	1	1	2	2	2	2	2	2	2	2	2	4	4	4	5	8	11	15	17	21	24
20150215	嘉兴	1	3	5	9	13	13	25	25	25	104	122	233	247	249	249	251	254	254	254	254	255	259	273	287	303	383	382	387	388	388	381	396	398	400	459	459	459
20150216	湖州	0	1	5	49	54	62	18	19	20	20	22	31	35	36	36	36	36	36	36	36	37	37	37	37	37	37	37	37	65	72	77	78	82	82	83	83	83
20150217	绍兴	
20150218	金华	
20150219	衢州	
20150220	丽水	
20150221	台州	
20150222	舟山	
20150223	杭州	
20150224	宁波	
20150225	温州	10	14	16	31	39	62	78	116	142	158	158	236	255	264	266	266	266	267	268	268	269	269	272	274	277	293	302	308	317	327	336	348	354	369	376	381	382
20150226	嘉兴	0	3	8	12	19	23	30	37	79	83	89	103	110	112	114	114	115	115	115	115	115	121	138	147	159	172	182	187	196	203	218	237	250	256	259	259	259
20150227	湖州	3	8	11	14	19	25	31	40	47	66	70	76	79	80	82	82	85	85	85	85	85	85	87	89	89	93	94	95	100	103	105	107	107	108	110	110	110
20150228	绍兴	0	3	13	25	36	37	37	37	37	37	37	37	37	37	37	37	37	37	37	37	37	160	160	160	160	160	160	160	160	257	274	287	299	301	303	303	303
20150301	金华	0	0	0	0	0	0	0	0	0	0	0	0	0	0	0	0	0	0	0	0	0	0	0	0	0	0	0	0	0	0	0	0	0	0	0	0	0
20150302	衢州	6	9	15	29	38	45	61	70	80	88	96	104	110	118	125	129	129	129	129	129	129	129	130	135	141	147	157	161	171	181	190	191	196	196	196	196	196
20150303	丽水	0	0	9	14	23	35	57	70	81	95	106	119	127	133	135	135	135	135	135	135	135	135	135	139	148	159	173	186	202	210	221	234	237	243	243	243	243
20150304	台州	4	16	79	91	130	146	165	192	220	255	275	280	296	301	303	303	303	303	303	303	303	303	305	309	323	330	345	361	372	412	429	442	451	461	466	468	468
20150305	舟山	0	0	0	0	5	9	18	24	34	37	43	47	50	53	54	54	54	54	54	54	54	55	59	66	69	74	83	86	90	93	94	97	101	103	104	104	104
20150306	杭州	1	8	20	29	49	68	86	107	182	206	228	258	283	300	343	347	349	351	353	357	357	367	381	407	426	446	459	494	510	543	562	583	592	606	612	614	616
20150307	宁波	
20150308	温州	
20150309	嘉兴	0	1	9	24	39	50	63	71	86	105	118	131	135	138	140	140	140	140	141	141	141	147	162	182	196	219	233	241	249	253	258	261	261	261	261	261	261
20150310	湖州	2	4	9	21	32	46	54	60	69	69	69	69	69	69	69	69	120	120	120	120	120	120	120	120	120	156	160	167	171	177	189	198	207	213	214	214	214
20150311	绍兴	1	10	24	38	61	82	125	153	174	195	213	224	236	251	271	273	273	274	281	283	285	292	295	314	325	345	364	385	404	429	445	455	469	473	477	478	480
20150312	金华	2	7	26	58	117	147	164	188	211	251	280	302	322	350	354	358	358	358	358	358	359	367	402	444	497	536	557	575	596	618	647	672	692	701	707	709	709
20150313	衢州	0	3	7	12	24	40	48	56	61	68	73	81	87	93	95	94	94	94	94	94	94	94	96	96	98	104	110	114	121	122	123	124	126	127	126	126	126
20150314	丽水	
20150315	台州	
20150316	舟山	3	4	6	11	18	20	20	22	27	28	36	44	47	49	50	50	50	50	50	50	50	52	59	65	71	72	76	79	84	85	85	87	90	92	92	92	92
20150317	杭州	0	5	17	42	71	94	136	169	197	225	252	270	300	311	322	325	325	325	325	327	329	346	372	396	423	456	488	525	558	584	601	601	659	659	659	659	721
20150318	宁波	0	4	22	22	22	22	22	22	22	22	169	183	193	194	194	194	194	196	196	196	196	209	217	217	217	272	287	299	316	335	342	356	365	373	376	379	379
20150319	温州	3	11	25	50	58	93	118	145	171	171	171	171	171	171	171	171	171	236	236	236	236	239	240	252	287	312	320	341	370	397	414	433	458	469	487	495	496
20150320	嘉兴	0	3	6	18	26	34	45	52	62	72	89	104	107	107	108	108	108	108	108	108	110	113	118	133	146	157	167	176	182	192	200	205	208	216	218	218	218
20150321	湖州	0	0	0	0	0	0	0	0	0	0	0	0	0	0	0	0	0	0	0	0	0	0	0	0	0	0	0	0	0	0	0	0	0	0	0	0	0
20150322	绍兴	
20150323	金华	5	17	51	92	149	189	224	273	328	355	403	480	502	512	516	521	533	546	558	562	568	583	614	654	703	750	807	861	917	959	996	1016	1046	1071	1101	1120	1128
20150324	衢州	0	1	9	16	27	33	33	33	33	33	33	33	33	33	33	103	103	103	103	104	104	105	106	109	116	123	142	152	157	157	157	157	157	157	157	157	231
20150325	丽水	0	4	12	23	41	61	74	86	94	104	119	132	144	152	157	157	157	161	161	163	166	166	166	170	186	211	221	236	249	262	274	283	291	297	298	298	300
20150326	台州	11	24	35	54	66	79	108	129	160	175	192	208	220	231	237	239	239	239	239	239	239	239	240	244	257	274	299	313	334	358	376	380	390	397	412	416	426
20150327	舟山	0	2	3	8	11	14	20	27	30	34	39	46	46	48	48	48	48	48	49	49	51	54	55	60	61	63	66	69	73	78	84	91	92	93	93	93	93
20150328	杭州	
20150329	宁波	
20150330	温州	1	12	27	91	156	202	245	281	310	349	374	412	442	455	457	457	457	457	457	457	458	459	459	474	500	548	584	615	645	680	723	755	783	812	840	853	858
20150331	嘉兴	0	6	14	22	34	50	62	78	88	97	113	117	120	122	123	123	123	None	123	123	123	123	130	136	149	165	172	186	201	215	225	231	239	249	254	258	260
20150401	湖州	3	4	6	15	28	38	50	59	72	84	94	102	110	111	112	114	115	115	115	115	116	117	120	125	128	129	136	140	144	147	151	155	156	157	157	157	158
20150402	绍兴	0	2	6	21	40	51	62	62	104	113	128	151	162	175	186	201	204	204	207	207	208	208	209	211	221	None	262	None	301	None	None	366	None	None	400	406	408
20150403	金华	0	0	7	28	47	74	114	144	160	182	212	230	250	268	281	284	284	284	284	284	284	285	302	317	324	363	396	413	432	446	473	488	510	519	522	525	527
20150404	衢州	0	0	0	0	0	0	0	0	0	0	0	0	0	0	0	0	0	0	0	0	0	0	0	0	0	0	0	0	0	0	0	0	0	0	0	0	0
20150405	丽水	
20150406	台州	
20150407	舟山	0	0	0	12	25	28	31	37	39	41	44	47	52	56	58	58	58	58	58	58	59	59	59	64	70	71	71	71	71	71	155	88	91	93	93	93	93
20150408	杭州	0	0	0	75	111	156	217	254	279	323	354	380	409	436	447	449	450	451	452	455	462	474	493	516	559	611	653	671	717	757	800	833	859	881	890	904	911
20150409	宁波	1	12	33	49	66	89	117	151	188	212	212	253	261	265	265	265	265	265	265	267	269	278	299	318	343	361	387	422	446	467	479	497	507	528	538	543	545
20150410	温州	1	3	35	67	102	121	148	170	187	212	232	255	272	283	289	290	293	293	293	293	293	295	295	303	325	347	367	382	388	396	408	419	429	435	438	439	440
20150411	嘉兴	
20150412	湖州	
20150413	绍兴	0	4	23	50	67	95	105	105	105	105	105	105	105	105	266	274	274	274	275	275	275	275	280	291	310	324	341	351	368	386	405	423	430	436	440	440	440
20150414	金华	8	15	31	50	81	113	149	171	218	244	283	324	342	351	351	352	353	353	353	353	354	363	393	444	468	505	541	582	618	650	692	732	758	773	775	777	779
20150415	衢州	2	3	5	18	25	27	35	48	55	59	63	70	76	78	78	78	78	78	78	78	78	78	80	82	90	95	101	106	114	121	128	134	139	142	146	148	148
20150416	丽水	1	5	14	19	30	39	46	47	60	65	67	68	71	71	71	71	71	71	71	72	71	72	73	75	88	93	104	112	118	130	139	143	145	146	148	148	148
20150417	台州	5	15	33	53	68	91	108	123	141	160	184	194	201	204	204	205	205	205	205	206	206	206	206	213	221	245	253	266	266	266	266	266	266	266	266	266	362
20150418	舟山	
20150419	杭州	
20150420	宁波	0	14	31	56	76	133	163	181	214	241	246	285	299	300	302	303	305	306	306	306	306	311	331	357	357	357	357	357	357	357	357	513	517	533	542	542	547
20150421	温州	0	2	20	47	77	95	118	130	149	175	189	215	231	236	240	240	240	240	240	240	240	240	242	244	244	244	244	244	244	244	244	409	424	436	445	454	456
20150422	嘉兴	0	3	8	15	18	21	27	33	33	46	60	71	71	71	74	78	80	84	86	86	86	91	103	111	115	125	131	139	149	153	158	163	168	174	177	177	177
20150423	湖州	7	10	14	23	29	36	42	49	52	58	67	71	81	89	94	94	94	94	94	95	96	99	110	125	129	135	139	145	153	159	162	166	175	181	184	184	184
20150424	绍兴	0	0	18	47	67	82	105	123	137	167	181	202	217	229	235	237	238	243	246	247	248	251	257	266	284	304	316	333	347	359	372	386	396	401	401	403	403
20150425	金华	0	0	0	0	0	0	0	0	0	0	0	0	0	0	0	0	0	0	0	0	0	0	0	0	0	0	0	1	1	1	1	1	1	1	1	1	1
20150426	衢州	0	0	0	0	0	0	0	0	0	None	0	0	0	0	0	0	0	0	0	0	0	0	0	0	0	1	1	2	2	2	2	2	2	2	2	2	2
20150427	丽水	0	0	3	6	25	41	52	65	88	97	113	128	147	161	173	186	186	186	186	186	186	186	186	186	373	192	203	207	216	220	231	236	245	260	273	280	288
20150428	台州	6	32	64	84	125	159	232	252	284	316	338	385	417	424	446	468	469	469	471	473	473	473	473	473	479	500	530	559	559	632	655	682	710	738	761	781	789
20150429	舟山	1	3	3	13	24	29	33	39	48	54	59	82	85	86	86	86	86	86	86	86	86	93	93	102	105	107	108	108	108	108	108	108	108	108	108	132	132
20150430	杭州	0	10	37	62	113	151	191	225	271	308	335	393	416	416	476	485	497	502	509	513	520	547	563	603	632	663	697	733	755	786	820	868	891	907	948	970	974
20150501	宁波	0	0	0	1	2	3	3	3	3	3	3	3	3	3	3	3	3	5	5	5	5	5	5	5	5	5	5	5	5	5	5	5	5	5	5	5	5
20150502	温州	
20150503	嘉兴	
20150504	湖州	9	24	39	64	85	104	140	168	202	229	271	307	332	351	355	360	362	364	366	371	374	379	381	390	401	423	446	465	485	494	505	520	533	546	559	567	569
20150505	绍兴	1	10	40	53	81	102	125	157	189	215	239	263	284	299	305	306	307	308	308	310	312	312	313	320	326	329	357	374	392	411	436	466	486	504	510	515	517
20150506	金华	5	14	38	73	103	118	157	187	211	238	271	304	340	344	347	348	348	348	348	348	348	349	350	366	397	436	493	533	568	610	636	663	687	718	734	750	759
20150507	衢州	1	6	16	29	42	51	58	65	73	86	94	100	104	106	111	111	112	112	112	112	112	113	113	113	115	123	127	138	138	138	138	138	138	138	138	176	177
20150508	丽水	0	6	13	21	29	37	54	63	74	81	90	108	113	141	163	163	163	164	164	165	165	165	165	165	165	175	192	206	214	233	251	255	268	272	275	309	318
20150509	台州	0	0	0	0	0	0	0	0	0	0	0	0	0	0	0	0	0	0	0	0	0	0	0	0	0	0	0	0	0	0	0	0	0	0	0	0	0
20150510	舟山	0	0	0	0	0	0	0	0	0	0	0	0	0	0	0	0	0	0	0	0	0	0	0	0	0	0	0	0	0	0	0	0	0	0	0	0	0
20150511	杭州	0	11	34	65	105	147	183	222	255	298	364	403	445	471	484	489	491	495	499	502	507	509	512	531	580	626	653	728	776	827	870	921	965	1005	1025	1055	1071
20150512	宁波	4	17	27	27	27	27	27	27	27	27	27	367	373	373	373	373	373	373	373	373	373	373	373	373	373	513	537	580	604	621	646	663	698	719	739	753	756
20150513	温州	8	8	8	8	148	150	216	255	301	325	343	359	374	383	386	386	386	386	386	389	393	397	409	416	455	499	540	576	608	648	686	726	737	759	776	785	790
20150514	嘉兴	0	3	21	29	52	58	74	94	108	128	140	146	150	155	156	156	156	156	156	156	157	159	165	180	200	225	252	277	296	309	309	309	309	309	309	None	None
20150515	湖州	1	1	12	16	20	26	29	38	44	49	54	65	74	80	93	101	117	130	131	131	131	131	131	131	131	131	131	158	158	158	174	177	178	184	184	193	193
20150516	绍兴	6	13	22	46	75	94	113	137	165	185	205	218	232	246	252	254	255	256	259	260	261	261	261	261	261	261	261	316	316	316	374	398	408	414	414	417	417
20150517	金华	2	13	43	70	95	133	167	206	243	278	301	329	349	358	359	360	360	360	360	361	361	361	361	361	361	361	361	498	498	498	577	597	620	643	643	675	676
20150518	衢州	1	6	7	9	14	23	37	47	54	60	60	60	60	60	60	60	60	60	60	60	60	60	60	60	60	126	133	137	156	164	171	182	376	201	201	202	202
20150519	丽水	0	1	5	14	19	26	26	26	26	26	26	26	26	26	26	145	145	145	145	145	145	145	145	145	145	148	157	165	171	171	171	171	195	198	205	208	213
20150520	台州	5	8	16	32	48	64	77	95	112	126	142	167	185	196	200	200	201	201	202	203	204	206	211	214	220	233	247	251	290	312	329	348	368	384	403	425	456
20150521	舟山	0	1	1	7	7	12	15	16	16	16	16	16	16	16	16	16	31	31	31	31	31	31	31	32	35	35	37	38	42	46	48	48	48	48	48	48	48
20150522	杭州	0	7	27	45	45	45	45	45	45	45	45	218	234	247	253	258	260	264	273	278	280	280	280	281	292	309	316	347	359	382	393	409	421	435	436	443	447
20150523	宁波	0	0	0	0	0	0	0	0	0	0	0	0	0	0	0	0	0	0	0	0	0	0	0	0	0	0	0	0	1	1	1	1	1	1	1	1	1
20150524	温州	0	0	0	0	0	0	0	0	0	0	0	0	0	0	0	0	0	0	0	0	0	0	0	0	0	0	0	0	0	0	0	0	0	0	0	0	0
20150525	嘉兴	0	0	0	0	0	0	73	83	97	119	131	150	166	169	170	170	170	170	170	170	170	168	172	182	204	222	232	246	254	266	274	286	297	310	317	321	323
20150526	湖州	5	9	16	16	16	40	48	59	69	83	98	115	124	138	141	141	141	141	141	141	141	141	143	151	158	165	175	183	191	198	216	232	244	246	247	250	250
20150527	绍兴	0	4	19	41	61	90	106	135	151	178	203	225	250	268	268	268	268	268	268	268	268	286	286	289	296	307	337	362	387	406	416	430	448	467	478	489	496
20150528	金华	1	11	31	60	80	80	144	168	196	243	274	274	274	274	274	274	274	274	274	374	374	374	374	374	374	374	374	534	565	565	565	565	565	565	565	565	565
20150529	衢州	2	5	15	21	29	36	44	54	59	64	68	70	74	75	85	85	85	85	85	85	85	85	85	85	87	95	103	115	123	132	140	151	158	165	167	169	170
20150530	丽水	0	0	0	0	0	0	0	0	0	0	0	0	0	0	0	0	0	0	0	0	0	0	0	0	0	0	0	0	0	0	0	0	0	0	0	0	0
20150531	台州	
20150601	舟山	2	4	6	9	10	11	15	16	20	27	33	41	43	43	43	43	43	43	43	43	43	43	43	44	50	56	62	66	71	75	80	83	91	99	100	101	103
20150602	杭州	2	7	32	70	103	146	187	220	260	294	337	382	414	436	450	457	461	462	465	466	466	466	469	487	537	583	621	663	693	722	764	788	790	847	856	892	905
20150603	宁波	4	11	32	59	82	127	154	179	203	231	259	286	297	303	305	307	308	313	316	319	324	329	336	361	398	434	457	485	509	539	548	548	602	604	604	604	604
20150604	温州	5	22	52	69	116	141	167	205	229	257	276	300	325	339	341	342	342	342	342	342	342	342	342	342	397	419	436	483	531	568	588	614	638	660	677	691	691
20150605	嘉兴	3	9	18	32	41	52	65	76	91	101	110	123	134	137	137	137	137	137	137	137	137	137	137	137	137	171	202	214	229	240	259	267	272	282	286	290	291
20150606	湖州	
20150607	绍兴	
20150608	金华	2	9	44	88	116	144	177	218	248	281	308	333	355	362	363	363	363	363	364	364	369	394	394	406	432	464	491	531	555	591	610	650	676	693	709	723	729
20150609	衢州	3	5	9	14	14	23	27	33	38	47	51	51	59	64	64	65	65	65	71	72	73	74	74	74	76	81	91	94	114	123	130	144	154	160	165	166	166
20150610	丽水	0	4	9	26	33	41	50	57	63	65	70	78	80	86	95	97	97	97	97	97	97	97	97	97	97	99	105	111	118	126	134	140	146	151	159	162	166
20150611	台州	0	18	29	37	61	79	98	131	144	158	185	221	239	252	252	252	252	252	252	252	252	284	284	285	285	285	285	285	285	285	285	285	522	526	545	551	572
20150612	舟山	1	2	3	6	12	15	18	19	19	19	19	19	19	19	19	29	29	29	29	29	29	29	29	30	37	40	44	44	45	47	57	60	61	61	61	63	63
20150613	杭州	0	0	0	0	0	0	0	0	0	0	1	2	2	3	3	3	3	3	3	3	3	3	3	4	5	6	7	8	9	10	11	12	12	12	12	12	12
20150614	宁波	
20150615	温州	12	22	44	94	152	196	228	257	291	316	344	370	388	394	396	398	397	397	397	397	404	408	418	437	507	530	564	631	660	696	735	761	793	813	830	838	842
20150616	嘉兴	0	0	6	20	30	43	59	69	86	95	116	137	144	156	158	159	161	161	161	161	161	161	161	161	175	192	217	231	255	353	377	380	430	440	447	451	454
20150617	湖州	1	1	4	10	20	27	32	38	51	56	65	77	87	94	105	106	106	106	106	106	106	106	106	107	118	132	148	155	175	189	201	207	213	220	223	225	226
20150618	绍兴	0	0	3	19	25	35	42	55	71	84	100	113	122	128	131	143	144	146	146	145	145	145	145	145	145	145	153	161	183	190	208	222	241	253	264	273	282
20150619	金华	0	0	1	15	26	33	51	58	74	82	92	99	105	114	115	115	115	115	115	115	115	115	115	115	120	131	143	152	162	170	185	194	197	212	215	217	219
20150620	衢州	0	0	0	0	0	0	0	0	0	0	0	0	0	0	0	0	0	0	0	0	0	0	0	0	0	0	0	0	0	0	0	0	0	0	0	0	0
20150621	丽水	0	0	0	0	0	0	0	0	0	0	0	0	0	0	0	0	0	0	0	0	0	None	None	0	0	0	0	0	0	0	0	0	0	0	0	0	0
20150622	台州	0	0	0	0	0	0	0	0	0	0	0	0	0	0	0	0	0	0	0	0	0	0	0	0	0	0	0	0	0	0	0	0	0	0	0	0	0
20150623	舟山	2	2	5	7	11	15	18	22	26	30	35	39	44	46	46	47	47	47	47	47	47	47	47	47	50	54	62	68	82	86	92	93	101	106	110	111	114
20150624	杭州	0	4	24	61	101	164	205	244	299	350	417	472	517	567	590	595	598	600	609	612	625	628	632	638	663	713	770	806	854	904	947	1001	1146	1391	1422	1444	1468
20150625	宁波	29	37	57	79	107	148	179	217	245	276	298	316	336	348	350	351	353	354	357	361	366	375	376	387	417	448	471	496	541	572	610	651	693	710	736	753	761
20150626	温州	5	13	39	69	94	135	160	189	215	238	257	278	300	307	307	307	307	308	309	310	310	310	310	320	339	351	379	404	424	439	449	466	471	481	491	497	504
20150627	嘉兴	
20150628	湖州	
20150629	绍兴	21	24	48	62	91	116	132	155	173	190	199	217	247	260	267	267	267	267	269	269	269	269	269	272	277	285	302	319	342	359	371	384	405	420	432	438	443
20150630	金华	1	11	38	72	99	128	163	197	235	264	286	328	345	366	371	373	374	374	374	375	375	375	375	383	401	409	435	449	470	494	526	558	591	616	635	645	654
20150701	衢州	0	2	8	15	20	26	32	34	40	50	57	68	74	79	82	83	84	84	84	84	85	85	85	86	86	89	93	101	107	112	116	118	122	122	125	125	127
20150702	丽水	0	2	9	21	29	40	49	59	71	84	91	101	114	125	135	136	136	136	136	136	141	145	146	148	151	160	173	181	195	203	217	222	230	241	248	251	252
20150703	台州	4	9	28	51	75	102	117	138	152	166	183	197	217	219	229	231	231	231	235	235	240	247	247	247	250	256	274	305	335	357	374	422	430	439	445	455	457
20150704	舟山	0	0	0	0	0	0	0	0	0	0	0	0	0	0	0	0	0	0	0	0	0	0	0	0	0	0	0	0	0	0	0	0	0	0	0	0	0
20150705	杭州	0	0	0	0	0	0	0	0	0	0	0	0	0	0	0	1	2	3	3	3	3	3	3	3	4	4	4	4	4	4	4	4	4	4	4	4	4
20150706	宁波	4	8	17	44	72	97	127	149	185	226	268	287	309	328	335	337	337	338	340	341	341	342	342	344	348	348	348	406	443	443	443	443	556	556	556	556	556
20150707	温州	0	5	18	46	66	126	144	159	227	227	277	332	334	366	366	387	388	393	393	393	393	405	405	405	406	414	445	481	522	559	598	625	625	625	625	625	625
20150708	嘉兴	0	1	13	24	39	48	48	72	88	96	104	113	119	128	128	128	128	128	128	128	128	128	128	128	130	139	148	178	197	197	197	221	247	247	247	247	247
20150709	湖州	0	2	7	14	18	28	36	41	47	54	63	67	74	79	85	91	91	91	91	91	91	91	91	91	91	96	99	105	105	140	150	185	192	199	212	218	218
20150710	绍兴	1	4	11	31	54	70	81	108	118	134	150	179	191	201	206	210	213	215	216	219	224	229	231	237	249	263	282	293	322	335	348	356	377	386	393	399	402
20150711	金华	
20150712	衢州	
20150713	丽水	0	0	1	7	18	27	34	51	58	65	77	85	93	106	112	120	121	121	121	121	121	121	121	121	122	123	127	128	133	143	152	166	175	187	196	205	210
20150714	台州	2	32	58	88	121	123	170	201	220	248	274	274	274	274	342	345	345	345	345	345	345	348	349	351	351	364	372	403	438	465	496	526	546	576	600	614	639
20150715	舟山	4	4	15	17	20	22	25	25	26	28	31	34	35	36	36	36	36	36	36	36	36	36	36	36	36	36	38	40	45	48	49	49	49	49	49	49	49
20150716	杭州	3	6	18	42	79	108	131	168	197	244	279	305	335	354	368	375	379	379	379	379	379	379	384	389	400	428	453	489	524	532	597	627	657	684	713	729	748
20150717	宁波	8	12	24	50	77	110	139	158	170	194	213	228	248	262	266	267	269	271	271	273	273	273	273	274	277	288	305	321	341	358	385	400	426	445	467	470	473
20150718	温州	0	0	0	0	0	0	0	0	0	2	3	5	5	7	7	8	8	8	8	8	8	8	8	8	8	8	8	8	8	8	10	11	12	12	12	12	12
20150719	嘉兴	
20150720	湖州	2	6	14	28	43	53	61	72	72	84	89	97	99	101	103	104	105	107	108	108	108	108	108	108	108	114	117	123	128	135	147	155	160	161	167	172	175
20150721	绍兴	0	9	15	25	34	53	68	86	101	119	136	142	158	158	181	190	192	192	193	193	193	193	199	201	207	215	232	244	266	269	300	307	332	345	376	380	380
20150722	金华	0	0	6	18	19	24	32	34	56	56	77	81	85	88	88	88	88	88	88	88	88	88	88	88	88	93	97	114	119	131	141	149	158	166	170	176	181
20150723	衢州	0	0	5	23	23	59	77	87	102	111	117	122	125	130	135	138	141	142	142	144	149	149	152	155	158	158	158	158	220	233	235	235	235	235	235	235	235
20150724	丽水	0	1	1	11	31	45	62	76	84	94	107	112	112	121	125	127	127	127	127	127	127	127	127	127	127	127	127	127	136	144	155	162	172	180	190	199	207
20150725	台州	0	0	0	0	0	0	0	0	0	0	0	0	0	0	0	0	0	0	0	0	0	0	0	0	0	0	0	0	0	0	0	0	0	0	0	0	0
20150726	舟山	0	0	0	0	0	0	0	0	0	0	0	0	0	0	0	0	0	0	0	0	0	0	0	0	0	0	0	0	0	0	0	0	0	0	0	0	0
20150727	杭州	7	9	24	52	106	140	228	265	312	358	403	438	474	534	554	566	574	574	574	579	586	589	594	1220	637	685	731	808	868	914	974	1022	1078	1125	1166	1202	1235
20150728	宁波	5	20	37	65	115	180	215	241	291	322	349	365	372	383	385	385	394	396	397	399	400	403	405	415	425	442	476	505	527	557	578	605	630	645	657	668	672
20150729	温州	8	17	50	80	121	137	137	137	244	244	244	244	244	244	244	244	244	244	244	244	381	381	381	381	383	387	414	434	465	493	521	546	567	596	623	636	667
20150730	嘉兴	0	3	20	32	51	75	96	111	129	138	151	161	175	181	187	188	188	188	188	188	188	188	188	189	190	195	228	240	249	265	279	299	312	328	343	352	358
20150731	湖州	0	5	9	23	27	30	39	44	47	49	53	56	60	62	62	62	62	62	62	62	62	62	62	63	65	66	71	74	81	81	82	84	87	88	90	91	91
20150801	绍兴	0	0	0	0	0	0	0	0	0	0	0	0	0	0	0	0	0	0	0	0	0	0	0	0	0	0	0	0	0	0	0	0	0	3	3	4	4
20150802	金华	0	0	0	0	0	0	0	0	0	0	0	0	0	0	0	0	0	0	3	4	7	8	10	12	12	12	12	12	12	12	12	12	12	12	12	12	12
20150803	衢州	0	4	14	22	36	51	58	69	85	99	103	111	125	131	136	137	137	137	137	137	138	138	138	138	144	148	148	148	177	183	203	212	218	222	223	224	228
20150804	丽水	0	4	7	32	51	61	73	80	87	94	107	126	139	143	148	149	149	149	149	149	149	149	149	149	149	149	149	151	157	167	186	202	212	239	256	266	277
20150805	台州	3	8	27	58	72	97	112	148	185	203	229	244	263	274	275	275	280	280	280	280	280	280	280	280	288	291	318	333	350	371	393	421	457	474	486	None	510
20150806	舟山	0	0	2	2	9	19	24	31	34	37	40	42	42	44	44	44	44	44	44	44	44	44	44	44	44	45	48	50	55	55	58	60	62	64	69	71	71
20150807	杭州	5	13	29	41	80	105	120	154	190	221	236	271	301	318	329	337	337	337	338	338	338	338	338	339	348	359	368	368	436	449	466	487	502	527	543	548	552
20150808	宁波	0	0	0	0	0	0	0	0	0	0	0	0	0	0	0	0	0	0	0	0	0	0	0	0	0	0	0	0	0	0	0	0	0	0	0	0	0
20150809	温州	0	0	0	0	0	0	0	0	0	0	0	0	0	0	0	0	0	0	0	0	0	0	0	0	0	0	0	0	0	0	0	0	0	0	0	0	0
20150810	嘉兴	0	5	11	30	42	59	70	76	83	101	110	119	121	123	124	124	124	124	124	124	124	124	125	132	136	139	157	172	193	213	226	237	250	266	276	281	283
20150811	湖州	3	8	14	24	31	35	50	58	68	80	85	96	100	106	107	108	108	108	108	108	108	108	108	112	114	123	128	138	150	162	166	179	182	187	192	193	195
20150812	绍兴	2	17	29	62	74	90	96	110	122	144	151	151	151	151	151	151	151	151	151	199	199	199	201	207	211	220	237	252	268	282	306	319	344	362	374	387	392
20150813	金华	4	8	37	65	87	112	168	184	199	223	242	259	269	272	274	274	275	275	275	275	275	275	275	282	298	314	332	362	396	427	467	516	539	556	564	600	605
20150814	衢州	2	4	13	19	29	33	48	54	60	62	66	69	75	77	79	79	79	79	79	79	79	79	79	79	79	83	86	104	112	118	124	135	143	147	154	154	157
20150815	丽水	0	0	0	0	0	0	0	0	0	0	0	0	0	0	0	0	0	0	0	0	0	0	0	0	0	0	0	0	0	0	0	0	0	0	0	0	0
20150816	台州	0	0	0	0	0	0	0	0	0	0	0	0	0	0	0	0	0	0	0	0	0	0	0	0	0	0	0	0	0	0	0	0	0	0	0	0	0
20150817	舟山	1	2	2	6	9	13	15	18	21	23	25	28	30	32	32	32	32	32	32	32	32	32	32	32	32	34	40	45	48	53	58	64	68	70	73	74	74
20150818	杭州	5	16	40	77	116	154	207	253	292	358	389	507	543	562	528	505	505	506	506	506	508	509	513	525	545	566	602	641	683	717	753	782	800	849	890	915	930
20150819	宁波	1	26	39	71	124	184	221	249	271	294	320	342	351	352	352	354	354	356	357	358	358	359	364	374	390	422	451	478	498	515	544	575	585	600	611	616	619
20150820	温州	2	9	32	60	86	115	129	147	162	182	198	211	224	232	238	239	239	239	239	240	240	240	240	240	244	250	274	301	327	348	400	416	446	455	479	494	501
20150821	嘉兴	1	71	76	90	91	99	109	114	121	127	134	140	147	149	149	150	151	151	151	152	152	152	152	154	156	161	173	178	188	198	213	216	221	225	231	233	233
20150822	湖州	0	0	0	0	0	0	0	0	0	0	0	0	0	0	0	None	0	0	0	0	0	0	0	0	0	0	0	0	0	0	0	0	0	0	0	0	0
20150823	绍兴	
20150824	金华	4	5	27	76	157	215	248	313	376	425	481	515	586	648	664	680	690	699	703	705	707	710	713	713	723	740	776	831	887	923	970	1030	1069	1113	1153	1185	1214
20150825	衢州	0	0	4	15	30	46	64	72	81	91	109	121	130	136	140	145	146	147	147	147	147	149	150	150	153	160	167	183	194	206	221	233	252	264	275	283	290
20150826	丽水	0	2	3	6	10	16	21	26	37	48	55	62	65	65	75	79	82	88	89	90	91	91	93	95	96	96	98	103	109	120	133	141	153	161	175	192	205
20150827	台州	2	20	34	145	171	191	220	240	270	282	282	352	375	395	402	408	408	408	408	408	408	408	408	408	409	409	416	489	512	542	564	599	622	651	679	698	707
20150828	舟山	0	0	2	8	13	32	32	41	46	47	52	55	57	60	62	62	62	62	62	62	62	62	62	62	63	63	64	66	70	73	77	81	82	82	87	90	92
20150829	杭州	0	0	0	0	0	0	0	0	0	0	0	0	0	0	0	0	0	0	0	0	0	0	0	0	0	0	0	0	0	0	0	0	0	0	0	0	0
20150830	宁波	0	0	0	0	0	0	0	0	0	0	0	0	0	0	0	0	0	0	0	0	0	0	0	0	0	0	0	0	0	0	0	0	0	0	0	0	0
20150831	温州	1	6	17	58	114	153	188	210	254	281	318	345	372	392	410	416	417	417	417	418	418	418	418	418	420	433	455	502	555	586	625	662	700	724	752	773	801
20150901	嘉兴	0	0	3	11	19	32	45	64	93	103	111	127	146	153	163	165	165	165	165	166	166	166	166	166	169	171	183	195	205	218	231	246	268	281	292	301	311
20150902	湖州	0	2	7	11	11	19	21	21	35	35	46	51	59	62	64	65	66	66	66	66	66	66	66	66	67	70	76	83	87	100	108	111	114	115	117	117	117
20150903	绍兴	0	0	0	0	0	0	0	0	0	0	0	0	0	0	0	0	0	0	0	0	0	0	0	0	0	0	0	0	0	0	0	0	0	0	0	0	0
20150904	金华	0	0	0	0	0	0	0	0	0	0	0	0	0	0	0	0	0	0	0	0	0	0	0	0	0	0	0	0	0	0	0	0	0	0	0	0	0
20150905	衢州	0	0	0	0	0	0	0	0	0	0	0	0	0	0	0	0	0	0	0	0	0	0	0	0	0	0	0	0	0	0	0	0	0	0	0	0	0
20150906	丽水	1	2	3	19	21	29	41	51	61	73	81	89	102	116	121	150	154	155	155	155	155	157	157	157	157	160	162	168	173	180	189	199	206	210	222	229	245
20150907	台州	3	13	14	44	72	106	155	195	209	241	269	282	297	314	331	339	342	343	344	345	347	348	348	348	348	357	358	420	454	503	529	547	569	586	650	679	687
20150908	舟山	0	0	0	2	2	2	2	16	16	16	16	25	27	27	27	27	27	27	27	27	27	27	27	27	28	31	34	41	87	89	92	94	115	119	256	134	140
20150909	杭州	3	6	28	52	93	136	177	223	261	300	329	365	391	415	418	425	427	431	434	436	438	446	447	457	476	492	529	566	614	664	693	772	799	836	864	892	906
20150910	宁波	3	10	28	40	69	108	120	156	173	203	221	233	257	258	262	264	264	264	266	268	270	275	281	292	306	328	348	366	389	424	462	486	517	542	566	587	595
20150911	温州	None	3	4	20	32	54	75	95	114	133	156	168	180	191	212	214	216	216	216	216	216	217	217	217	217	221	230	249	269	280	300	311	318	332	339	341	342
20150912	嘉兴	0	0	1	1	20	21	21	31	32	42	53	63	64	67	67	67	67	68	68	68	68	68	68	68	68	69	70	70	70	73	74	74	74	74	74	74	74
20150913	湖州	0	0	0	0	0	0	0	0	0	0	0	0	0	0	0	0	0	0	0	0	0	0	0	0	0	0	0	0	0	0	0	0	0	0	0	0	0
20150914	绍兴	6	8	10	36	53	99	123	153	174	203	222	247	253	268	287	295	302	302	302	303	304	307	309	314	314	314	327	380	409	427	446	457	478	497	502	514	518
20150915	金华	0	0	0	20	32	37	55	72	84	99	118	143	165	176	186	192	192	192	192	192	192	192	192	192	199	212	226	231	248	258	267	270	275	279	283	286	288
20150916	衢州	0	0	1	12	25	36	43	51	65	75	85	89	99	104	108	109	111	111	111	111	111	111	111	111	111	111	112	119	123	132	136	139	147	153	163	168	171
20150917	丽水	0	0	1	4	7	7	27	32	39	48	48	48	48	48	82	83	83	83	83	83	83	83	83	83	83	83	85	94	109	114	121	125	130	140	147	151	158
20150918	台州	2	18	31	51	79	97	122	133	133	133	133	133	133	133	133	133	133	133	133	133	133	133	133	133	133	322	331	369	377	396	436	447	469	484	494	499	507
20150919	舟山	0	0	0	0	0	0	0	0	0	0	0	0	0	0	0	0	0	0	0	0	0	0	0	0	0	0	0	0	0	0	0	0	0	0	0	0	0
20150920	杭州	0	0	0	0	0	0	0	0	0	0	0	0	0	0	0	0	0	0	0	0	0	0	0	0	0	0	0	0	0	0	0	0	0	0	0	0	0
20150921	宁波	0	2	11	39	60	74	88	82	108	120	131	136	142	149	150	150	150	156	156	156	156	156	156	161	164	181	193	207	218	234	262	280	298	309	329	343	347
20150922	温州	0	0	6	9	20	33	51	71	85	101	111	116	125	131	137	138	138	138	138	138	138	138	139	139	143	157	177	192	195	201	204	217	226	234	238	242	247
20150923	嘉兴	1	2	3	3	3	3	3	3	3	3	3	137	150	160	164	168	168	168	168	168	168	168	168	168	168	168	168	212	231	241	254	272	287	304	325	344	353
20150924	湖州	0	1	11	28	37	43	61	68	87	106	120	132	154	162	357	186	187	187	187	188	188	192	196	205	212	225	238	251	263	258	274	281	298	303	308	312	323
20150925	绍兴	21	27	27	27	75	99	127	143	168	185	201	215	228	235	250	256	257	258	259	259	259	259	259	259	264	268	275	281	296	310	327	339	355	371	381	389	391
20150926	金华	
20150927	衢州	0	0	0	0	0	0	0	0	0	0	0	0	0	0	0	0	0	0	0	0	0	0	0	0	0	0	0	0	0	0	0	0	0	0	0	0	0
20150928	丽水	7	8	27	42	60	79	102	116	131	149	163	179	186	209	212	213	214	214	214	214	214	214	214	214	214	217	223	231	236	240	259	267	277	281	293	302	306
20150929	台州	5	10	31	52	63	85	130	161	182	200	209	221	234	249	254	258	259	259	267	267	267	267	267	268	268	278	293	314	332	349	368	391	407	422	434	439	446
20150930	舟山	1	1	1	3	3	3	10	13	16	17	17	23	25	29	36	36	36	37	37	37	37	37	37	38	40	46	51	53	55	57	61	65	67	70	70	70	70
20151001	杭州	0	0	0	0	0	0	0	0	0	0	0	0	0	0	0	0	0	0	0	0	0	0	0	0	0	0	0	0	0	0	0	0	0	0	0	0	0
20151002	宁波	
20151003	温州	
20151004	嘉兴	
20151005	湖州	
20151006	绍兴	
20151007	金华	
20151008	衢州	8	9	13	25	33	50	59	76	90	105	113	121	206	225	270	276	276	276	276	276	276	276	276	278	278	288	293	293	324	332	335	346	355	360	367	374	381
20151009	丽水	2	13	13	13	13	92	106	116	124	138	146	160	172	187	188	189	189	189	189	189	189	190	192	193	194	197	206	224	241	260	272	294	304	314	327	342	346
20151010	台州	7	11	22	35	58	84	99	120	145	168	267	285	314	324	329	334	334	336	337	337	337	337	337	339	352	360	379	389	414	430	444	450	466	491	501	514	514
20151011	舟山	
20151012	杭州	1	3	8	48	85	98	133	216	262	294	348	380	419	458	491	509	516	524	524	524	524	527	539	576	613	658	711	749	807	861	899	942	973	1007	1007	1007	1007
20151013	宁波	1	5	18	35	73	87	131	167	207	233	259	280	322	346	368	368	368	370	371	374	376	388	402	425	451	481	505	533	567	590	620	647	673	694	721	738	740
20151014	温州	1	3	9	21	50	64	77	113	141	170	186	206	231	248	269	275	275	275	275	275	275	275	275	275	285	301	321	344	377	395	429	444	477	495	516	526	544
20151015	嘉兴	0	9	25	41	56	65	84	91	96	113	129	136	142	144	145	148	148	148	149	148	148	156	158	167	190	209	227	245	256	271	291	302	320	329	332	335	336
20151016	湖州	4	11	14	59	74	81	86	92	93	104	117	124	133	141	142	144	146	149	149	149	149	154	163	172	203	208	218	221	224	228	232	245	253	259	261	271	271
20151017	绍兴	0	0	0	0	1	3	4	4	4	4	4	4	4	4	4	4	4	4	4	4	4	4	4	4	4	4	4	4	4	4	4	4	4	4	4	4	4
20151018	金华	0	0	0	0	0	0	0	0	0	0	0	0	0	0	0	0	0	0	0	0	0	0	0	0	0	0	0	0	0	0	0	0	0	0	0	0	0
20151019	衢州	0	1	1	1	1	1	1	1	1	1	82	86	100	103	110	112	112	112	112	112	112	112	114	116	126	132	134	137	145	155	163	173	176	183	184	186	187
20151020	丽水	1	3	13	18	29	35	39	42	45	57	59	71	81	86	91	91	91	91	91	91	91	91	94	94	94	100	112	125	136	145	150	161	167	172	175	187	192
20151021	台州	3	16	16	16	63	87	101	121	138	157	172	189	207	279	285	287	287	288	288	288	288	288	288	307	357	408	433	460	487	510	544	564	574	602	611	616	616
20151022	舟山	0	0	0	0	0	0	0	0	0	0	0	0	8	8	8	8	8	8	8	8	8	8	8	8	9	9	9	9	9	9	9	10	10	11	11	12	12
20151023	杭州	13	23	65	94	150	187	229	297	344	401	438	470	518	554	572	585	588	589	589	591	592	600	612	635	676	706	750	800	835	868	910	929	959	976	996	1003	1004
20151024	宁波	None	None	None	None	None	None	None	0	0	0	0	9	9	9	9	9	9	9	9	9	9	9	9	9	9	9	10	9	9	9	9	9	9	9	9	9	9
20151025	温州	0	0	0	0	0	0	0	0	0	0	0	0	0	0	0	0	0	0	0	0	0	0	0	0	0	0	0	0	0	0	0	0	0	0	0	0	0
20151026	嘉兴	0	2	11	29	60	64	97	118	140	146	179	193	197	199	201	201	204	204	204	213	213	229	247	258	294	308	337	348	382	396	410	430	440	440	440	440	440
20151027	湖州	4	11	13	20	39	51	71	83	90	112	121	131	131	153	158	160	160	160	160	160	163	167	177	185	196	215	227	236	251	263	263	278	289	290	292	292	292
20151028	绍兴	6	11	23	41	64	84	138	150	173	188	217	242	254	270	279	284	284	284	284	284	284	284	289	300	323	345	361	355	353	372	384	392	414	428	435	438	438
20151029	金华	3	4	33	60	89	107	112	134	146	157	178	185	199	205	208	209	209	210	210	210	210	213	220	234	262	295	326	355	377	384	413	430	439	453	467	470	473
20151030	衢州	0	0	4	16	25	34	50	54	62	70	73	87	92	102	108	110	112	112	112	113	113	113	113	114	122	133	137	143	151	157	158	163	169	171	172	173	173
20151031	丽水	0	0	1	1	2	2	2	2	2	2	2	2	36	37	37	37	37	37	37	37	37	37	37	37	37	37	37	37	38	38	38	38	38	38	38	38	38
20151101	台州	0	0	0	0	0	0	0	0	0	0	0	0	0	0	0	0	0	0	0	0	0	0	0	0	0	0	0	0	0	0	0	0	0	0	0	0	0
20151102	舟山	0	0	1	4	8	16	19	25	27	33	40	47	52	53	58	58	58	58	58	58	58	58	58	58	58	61	63	67	72	79	84	96	105	111	113	114	114
20151103	杭州	
20151104	宁波	0	0	0	0	0	0	0	0	229	265	311	321	333	338	340	340	340	341	341	343	345	348	369	393	422	442	467	492	506	534	558	582	613	620	621	623	623
20151105	温州	2	5	11	26	40	63	76	98	118	145	152	189	201	213	217	217	217	218	220	221	221	221	221	224	246	267	287	309	328	355	381	393	413	438	458	462	463
20151106	嘉兴	0	1	7	17	28	37	59	78	95	108	116	137	140	141	141	141	141	141	141	141	141	146	156	162	171	183	199	210	223	249	252	277	284	293	298	299	299
20151107	湖州	0	0	0	1	1	1	1	1	1	1	2	3	3	3	3	3	3	3	3	3	3	3	3	3	4	5	8	12	18	20	20	20	20	20	20	20	20
20151108	绍兴	
20151109	金华	66	67	75	86	113	137	172	185	238	264	292	318	341	346	348	348	348	348	348	348	348	348	348	350	366	397	428	460	482	521	536	551	581	601	626	637	646
20151110	衢州	4	7	8	8	8	8	8	8	46	55	65	74	86	92	99	100	100	100	100	100	100	101	101	105	113	121	133	140	146	153	167	171	179	182	185	185	185
20151111	丽水	0	2	7	17	27	35	40	47	58	64	72	76	85	94	97	98	98	98	98	99	99	99	99	99	99	104	108	120	124	132	135	138	144	146	151	153	156
20151112	台州	8	14	48	92	154	177	205	209	236	252	273	286	306	311	316	317	318	318	319	319	320	320	320	320	321	333	360	387	406	441	464	480	493	500	524	534	541
20151113	舟山	0	0	2	3	6	10	13	15	17	21	24	27	31	34	35	35	35	36	36	36	36	36	36	36	40	41	41	42	45	45	45	47	48	48	49	51	54
20151114	杭州	
20151115	宁波	0	0	0	0	0	0	0	0	0	0	0	0	0	0	0	0	0	0	0	0	0	0	0	0	0	0	0	0	0	0	0	0	0	0	0	0	0
20151116	温州	1	13	32	49	69	92	109	136	154	172	186	213	237	242	242	242	242	242	242	242	242	242	242	242	242	242	242	242	242	242	428	442	469	496	513	520	524
20151117	嘉兴	0	2	9	12	39	50	58	63	99	107	125	136	145	148	148	149	150	150	151	153	154	157	170	186	200	218	239	248	259	263	276	295	301	308	312	312	312
20151118	湖州	3	5	15	19	19	19	19	19	19	19	19	19	60	63	64	64	64	64	64	64	64	64	162	177	190	198	207	218	237	243	261	262	269	270	271	271	271
20151119	绍兴	1	5	15	24	43	55	61	74	86	94	113	134	146	169	175	175	175	175	176	177	178	179	179	181	190	199	214	227	237	249	257	268	276	285	290	290	290
20151120	金华	0	3	5	11	25	28	34	42	49	58	66	68	72	74	75	75	75	75	75	75	76	79	83	92	94	98	101	111	119	125	132	142	147	149	152	152	152
20151121	衢州	0	0	0	0	0	0	0	0	0	0	1	1	1	1	1	1	1	1	1	1	1	1	1	1	1	1	1	1	1	1	1	1	1	1	1	1	1
20151122	丽水	0	0	0	0	0	0	0	0	0	0	0	0	0	0	0	0	0	0	0	0	0	0	0	0	0	0	0	0	0	0	0	0	0	0	0	0	0
20151123	台州	4	45	84	133	173	203	249	297	340	373	414	468	488	508	518	519	519	520	525	525	525	525	528	541	595	654	676	722	759	796	837	878	914	934	942	952	953
20151124	舟山	3	4	7	13	21	22	30	33	40	None	45	50	50	50	50	50	50	50	63	63	63	66	67	68	74	82	85	87	89	94	98	100	100	109	111	111	112
20151125	杭州	2	10	16	61	88	123	159	225	257	294	335	381	413	439	455	458	466	469	474	482	487	495	516	540	589	652	691	725	768	792	836	899	949	982	1000	1009	1013
20151126	宁波	1	5	44	60	103	131	172	190	225	266	297	334	360	373	375	376	378	378	379	379	385	397	413	436	469	492	538	585	604	637	667	678	715	728	749	754	756
20151127	温州	0	7	29	44	75	94	122	138	155	175	191	211	213	217	218	218	218	219	219	219	219	219	219	222	236	243	252	256	269	277	285	310	324	336	339	339	340
20151128	嘉兴	
20151129	湖州	
20151130	绍兴	15	26	37	49	61	88	96	119	141	159	174	196	209	223	233	236	239	240	241	241	241	242	244	270	295	308	323	355	371	383	406	417	428	438	447	447	447
20151201	金华	0	0	32	44	63	110	141	175	187	223	249	270	283	287	291	291	291	291	291	291	291	298	316	342	364	392	409	446	460	479	495	502	503	511	513	516	516
20151202	衢州	0	0	2	10	16	20	27	35	44	50	57	66	73	81	84	87	87	87	87	87	87	87	87	93	95	104	110	116	120	124	131	136	138	146	148	149	149
20151203	丽水	0	2	8	22	28	38	40	46	57	None	61	67	69	70	73	73	74	74	74	74	74	74	74	74	76	80	84	92	104	111	113	116	121	126	127	130	130
20151204	台州	1	4	10	27	38	72	88	116	135	156	172	201	218	None	262	268	268	268	268	268	268	268	268	269	281	300	326	347	373	404	421	435	461	472	477	491	491
20151205	舟山	
20151206	杭州	
20151207	宁波	0	2	33	46	94	139	181	234	296	332	380	416	438	458	478	481	489	490	492	494	497	499	510	564	593	639	682	728	743	781	822	861	904	926	961	973	987
20151208	温州	0	2	12	25	51	65	92	113	128	149	162	181	212	221	233	238	238	238	238	238	238	238	238	241	251	271	293	301	322	349	370	394	418	436	444	461	474
20151209	嘉兴	0	0	3	10	11	27	63	72	89	89	89	89	89	89	89	89	89	149	149	150	150	153	154	164	174	204	217	236	243	246	252	270	280	285	290	297	297
20151210	湖州	0	2	5	6	None	18	23	29	34	43	44	55	58	60	61	61	62	62	62	62	62	62	62	64	69	73	75	76	76	81	83	90	92	95	102	103	103
20151211	绍兴	2	2	4	16	30	39	47	55	64	76	87	108	118	124	143	144	145	146	148	148	149	150	150	151	153	167	176	185	196	202	208	214	222	231	254	257	257
20151212	金华	0	0	0	0	0	0	0	0	0	0	0	1	1	1	1	1	1	1	1	1	1	1	1	1	1	1	1	1	4	4	4	4	4	4	4	4	4
20151213	衢州	0	0	0	0	0	0	0	0	0	0	0	0	0	0	0	0	0	0	0	0	0	0	0	0	0	0	0	0	0	0	0	0	0	0	0	0	0
20151214	丽水	0	0	2	8	15	20	25	28	34	37	47	48	53	56	60	63	64	64	65	65	65	65	65	65	66	70	73	77	78	80	82	87	91	101	107	110	110
20151215	台州	0	3	8	29	29	29	29	29	29	29	29	29	260	270	275	280	281	281	281	281	281	281	281	283	286	310	338	365	382	403	425	442	453	473	480	480	491
20151216	舟山	0	0	2	5	6	9	12	15	23	25	26	29	31	36	37	37	37	37	37	37	37	37	37	37	37	37	39	40	41	42	45	48	50	52	52	53	55
20151217	杭州	0	0	7	34	60	71	83	101	101	101	101	101	101	101	101	157	279	279	279	279	279	282	288	307	351	354	387	425	437	464	482	482	527	552	582	615	627
20151218	宁波	1	3	9	23	32	48	65	79	100	111	126	143	165	165	170	170	171	173	174	175	177	187	200	207	218	225	241	250	266	276	286	304	313	330	331	335	336
20151219	温州	0	0	1	4	4	5	5	5	6	8	15	15	15	15	15	15	15	21	21	21	21	21	21	21	21	21	21	21	21	26	26	26	26	27	27	27	27
20151220	嘉兴	0	0	0	0	0	0	0	0	0	0	0	0	0	0	0	0	0	0	0	0	0	0	0	0	0	0	0	0	0	0	0	0	0	0	0	0	0
20151221	湖州	0	0	0	0	9	9	4	4	8	11	15	20	24	25	26	27	27	27	27	27	27	27	27	33	35	38	40	43	46	49	51	55	55	55	55	62	63
20151222	绍兴	0	4	9	10	11	12	17	19	22	23	26	30	32	33	33	34	34	34	34	34	34	34	34	34	35	37	41	41	41	41	41	47	59	59	73	78	81
20151223	金华	2	5	14	37	57	77	87	110	143	196	235	272	310	360	383	391	392	395	399	402	403	405	425	474	511	538	556	585	605	632	652	690	716	741	765	781	789
20151224	衢州	2	2	4	15	23	31	42	53	61	69	78	90	97	109	117	122	122	122	122	122	122	122	124	124	129	139	151	165	175	187	204	213	218	232	243	247	248
20151225	丽水	3	7	7	7	7	7	7	7	7	7	154	166	180	191	196	198	198	198	198	198	198	198	199	199	207	216	225	243	260	275	284	288	296	301	309	316	321
20151226	台州	0	0	1	4	6	7	7	7	7	7	7	7	7	7	7	7	7	7	7	7	7	7	7	7	7	7	7	7	7	7	7	8	9	9	9	9	9
20151227	舟山	
20151228	杭州	0	1	13	39	79	112	159	201	226	259	313	360	390	428	445	453	462	464	464	464	464	464	464	464	464	464	636	684	765	804	854	879	924	962	996	1025	1035
20151229	宁波	2	10	36	57	81	105	124	155	182	217	249	276	306	326	336	336	337	340	341	343	344	345	379	400	433	462	491	509	538	561	581	603	638	653	681	691	694
20151230	温州	0	0	7	34	71	116	157	196	225	252	280	308	340	366	385	393	395	396	399	403	408	411	415	425	438	477	501	530	550	573	602	827	847	889	908	935	960
20151231	嘉兴	0	0	2	5	6	9	12	28	45	52	64	74	81	84	84	84	84	84	84	84	84	84	84	84	84	138	143	161	167	170	174	183	185	188	192	193	193
20160101	湖州	0	0	0	0	0	0	0	0	0	0	0	0	0	0	0	0	0	0	0	0	0	0	0	0	0	0	0	0	0	0	0	0	0	0	0	0	0
20160102	绍兴	
20160103	金华	
20160104	衢州	0	0	1	1	1	1	1	1	1	1	1	179	209	225	231	238	241	242	243	243	243	243	243	243	243	243	243	268	281	286	291	None	None	None	None	None	None
20160105	丽水	0	1	14	25	38	57	79	99	117	126	140	148	148	183	197	202	204	204	208	211	213	213	216	227	242	260	274	300	325	337	355	378	403	415	424	430	432
20160106	台州	25	59	86	107	131	159	209	209	209	209	209	209	209	209	447	449	450	450	491	491	493	499	503	513	537	560	595	622	650	669	677	707	715	741	758	758	760
20160107	舟山	2	2	3	7	18	40	41	44	47	49	51	56	61	65	67	68	68	68	68	68	68	68	68	68	70	73	78	86	90	92	101	102	107	107	108	108	108
20160108	杭州	6	6	35	79	79	179	228	317	362	422	479	535	588	621	648	653	654	656	662	668	672	690	732	756	807	844	877	922	970	1016	1026	1075	1108	1150	1172	1186	1188
20160109	宁波	
20160110	温州	0	0	0	0	0	0	0	0	0	0	0	0	0	0	0	0	0	0	0	0	0	0	0	0	0	0	0	0	0	0	0	0	0	0	0	0	0
20160111	嘉兴	0	1	13	80	95	107	123	140	160	197	209	223	237	242	243	245	245	247	248	248	248	269	285	300	322	339	359	382	402	416	442	452	457	465	468	469	471
20160112	湖州	4	11	20	33	53	67	79	104	126	156	175	190	212	228	234	235	236	236	236	236	236	236	236	236	236	308	312	347	358	374	388	403	412	429	438	439	439
20160113	绍兴	0	2	16	24	46	74	95	122	147	169	196	207	225	241	300	303	305	305	304	304	304	304	308	328	355	385	411	443	455	484	505	526	540	549	552	593	593
20160114	金华	0	14	33	65	97	128	None	167	197	225	249	283	297	307	306	307	307	308	308	308	308	313	334	360	377	416	441	464	475	497	511	548	561	577	588	588	588
20160115	衢州	
20160116	丽水	0	1	9	16	31	39	49	63	73	75	82	90	96	99	100	100	100	100	100	100	100	100	100	105	111	117	129	142	146	158	169	186	188	195	205	205	209
20160117	台州	3	10	21	48	69	96	131	163	198	214	241	265	282	294	298	298	298	299	299	299	299	299	299	304	324	354	383	397	411	432	447	468	484	487	488	489	489
20160118	舟山	0	0	1	3	6	12	17	23	28	41	47	51	53	57	59	59	59	59	59	59	59	59	59	61	66	72	81	89	94	103	109	110	113	117	117	117	117
20160119	杭州	11	21	42	70	103	165	214	278	318	369	431	475	529	557	575	577	577	577	577	577	578	589	604	628	669	713	755	804	845	868	939	1017	1049	1083	1108	1124	1132
20160120	宁波	1	15	42	73	109	145	179	214	235	265	289	323	347	360	364	364	364	366	366	368	371	385	408	451	490	524	557	586	625	655	655	699	716	726	734	737	737
20160121	温州	1	7	28	51	81	104	129	160	191	214	237	273	273	305	307	307	307	307	307	307	307	307	307	314	334	367	394	411	436	454	484	532	562	588	605	616	616
20160122	嘉兴	0	0	3	9	19	26	45	50	57	68	81	92	102	102	103	103	103	103	103	103	103	113	127	144	154	164	175	191	202	211	224	228	235	240	247	250	252
20160123	湖州	0	0	0	0	0	0	0	0	0	0	0	0	0	6	9	13	13	13	13	13	13	13	13	13	13	13	13	14	14	14	14	18	18	18	18	19	19
20160124	绍兴	
20160125	金华	1	3	10	17	33	46	67	97	131	159	185	207	230	242	250	250	250	250	250	250	250	258	273	294	314	333	346	360	384	410	434	450	485	503	515	527	528
20160126	衢州	0	0	5	15	21	29	36	46	63	72	78	87	93	101	106	106	106	106	106	106	106	106	108	113	122	132	155	168	179	188	216	222	226	229	229	230	230
20160127	丽水	0	0	6	13	34	55	85	96	102	112	116	121	134	137	142	143	143	143	143	143	143	143	145	150	158	168	175	181	189	195	202	210	219	225	226	226	226
20160128	台州	0	7	54	76	99	145	212	242	274	294	316	333	348	358	363	363	363	363	384	384	384	384	384	392	411	449	464	495	512	533	554	568	583	600	607	609	609
20160129	舟山	1	2	2	4	4	4	7	7	7	6	6	6	7	7	7	7	7	7	7	7	7	7	7	8	9	10	11	11	12	12	13	14	15	15	15	17	15
20160130	杭州	0	0	0	0	0	0	0	0	0	0	0	0	0	0	0	0	0	0	0	0	0	0	0	0	0	0	0	0	0	0	0	0	0	0	0	0	0
20160131	宁波	0	0	0	0	0	0	0	0	0	0	0	0	0	0	0	0	0	0	0	0	0	0	0	0	0	0	0	0	0	0	0	0	0	0	0	0	0
20160201	温州	1	7	49	77	124	140	209	253	311	456	505	552	589	622	629	631	636	639	641	649	655	658	659	676	690	722	750	790	823	851	886	907	930	951	968	990	995
20160202	嘉兴	0	0	29	40	58	66	82	94	114	124	129	147	157	159	168	169	169	169	169	169	172	177	197	214	229	246	266	274	294	307	322	333	381	387	391	392	394
20160203	湖州	1	5	9	14	21	38	38	67	85	104	112	118	128	141	149	149	150	151	152	152	155	167	186	196	209	227	241	255	265	275	282	292	300	303	303	303	304
20160204	绍兴	0	2	19	37	44	55	57	89	111	141	166	185	190	198	198	201	202	204	207	209	212	217	220	226	237	246	254	267	277	288	300	318	324	330	331	331	331
20160205	金华	0	2	13	24	32	32	57	69	79	88	96	98	105	106	107	107	107	107	107	107	107	109	111	117	123	128	133	138	140	145	159	169	170	170	170	170	170
20160206	衢州	0	0	5	10	16	16	22	22	22	23	26	29	29	29	29	29	29	29	29	29	29	29	29	29	31	34	35	39	39	39	39	39	39	39	39	39	39
20160207	丽水	0	0	0	0	0	0	0	0	0	0	0	0	0	0	0	0	0	0	0	0	0	0	0	0	0	0	0	0	0	0	0	0	0	0	0	0	0
20160208	台州	0	0	0	0	0	0	0	0	0	0	0	0	0	0	0	0	0	0	0	0	0	0	0	0	0	0	0	0	0	0	0	0	0	0	0	0	0
20160209	舟山	0	0	0	0	0	0	0	0	0	0	0	0	0	0	0	0	0	0	0	0	0	0	0	0	0	0	0	0	0	0	0	0	0	0	0	0	0
20160210	杭州	0	0	0	0	0	0	0	0	0	0	0	0	0	0	0	0	0	0	0	0	0	0	0	0	0	0	0	0	0	0	0	0	0	0	0	0	0
20160211	宁波	0	0	0	0	0	0	0	0	0	0	0	0	0	0	0	0	0	0	0	0	0	0	0	0	0	0	0	0	0	0	0	0	0	0	0	0	0
20160212	温州	0	0	0	0	0	0	0	0	0	0	0	0	0	0	0	0	0	0	0	0	0	0	0	0	0	0	0	0	0	0	0	0	0	0	0	0	0
20160213	嘉兴	0	0	0	0	0	0	0	0	0	0	0	0	0	0	0	0	0	0	0	0	0	0	0	0	0	0	0	0	0	0	0	0	0	0	0	0	0
20160214	湖州	0	0	1	4	7	8	10	12	14	14	15	18	18	18	18	19	19	19	19	19	19	20	20	23	23	23	23	24	24	25	25	25	26	27	27	27	27
20160215	绍兴	0	8	17	29	39	43	58	92	118	134	146	165	184	203	222	222	223	224	224	225	225	225	227	227	227	227	227	227	227	227	227	318	322	323	324	324	325
20160216	金华	4	6	14	38	45	56	63	88	101	115	128	137	147	153	154	154	154	154	161	161	161	163	178	199	217	231	243	266	287	315	332	339	348	352	358	358	358
20160217	衢州	0	2	3	8	19	28	45	54	59	63	81	88	89	93	94	94	94	94	94	94	94	94	94	103	114	129	149	160	170	188	194	206	213	213	214	214	214
20160218	丽水	0	0	4	9	21	33	33	54	64	70	86	99	111	124	126	126	126	128	129	130	130	130	130	132	139	149	160	163	169	178	187	190	195	202	205	206	206
20160219	台州	10	18	34	61	72	80	104	129	165	183	208	226	236	241	244	245	245	245	245	245	245	247	247	249	270	289	313	325	347	365	383	396	410	415	419	421	422
20160220	舟山	1	1	3	4	8	8	11	15	23	25	26	28	31	32	32	32	32	32	32	32	32	32	32	32	38	42	48	50	56	56	59	61	64	64	64	64	64
20160221	杭州	26	52	93	123	159	178	222	260	291	334	367	397	437	457	461	465	465	467	478	498	502	521	534	572	608	626	671	697	717	736	762	773	788	799	801	802	803
20160222	宁波	0	0	6	27	66	113	136	157	241	301	346	383	429	449	489	493	493	497	504	510	513	516	534	555	597	616	649	674	721	754	785	798	807	825	829	839	848
20160223	温州	0	0	57	77	109	138	170	170	220	254	281	309	345	353	363	363	363	363	363	364	364	365	368	373	392	414	442	487	543	577	609	638	672	697	713	720	725
20160224	嘉兴	0	2	8	25	34	44	44	71	71	110	123	134	145	156	159	159	159	160	160	160	160	160	164	176	184	201	211	234	246	260	278	348	358	371	374	375	375
20160225	湖州	0	0	2	7	13	26	34	48	74	103	125	144	156	167	179	183	183	183	183	183	184	183	193	209	227	253	266	278	285	290	309	324	339	353	360	361	361
20160226	绍兴	0	0	11	17	21	31	39	50	62	71	84	93	99	103	110	113	113	113	113	113	113	113	114	115	121	131	143	153	163	171	171	197	198	199	203	205	205
20160227	金华	
20160228	衢州	0	0	0	0	0	0	0	0	0	0	0	0	0	0	0	0	0	0	0	0	0	0	0	0	0	0	0	0	0	0	0	0	0	0	0	0	0
20160229	丽水	0	0	3	10	21	29	36	46	57	64	75	90	100	112	119	123	124	124	124	124	124	124	124	124	128	136	145	158	167	181	184	188	197	199	207	214	214
20160301	台州	0	15	46	75	143	262	298	336	398	440	475	507	549	592	626	664	668	673	679	684	686	691	690	697	734	783	816	853	896	937	961	995	1057	1099	1119	1135	1138
20160302	舟山	0	0	4	4	8	12	13	16	21	29	32	33	36	37	39	39	39	39	39	39	41	42	42	43	46	52	59	64	64	67	70	74	75	76	76	84	84
20160303	杭州	0	1	6	31	79	120	151	184	259	289	320	379	422	460	485	493	493	493	493	493	498	508	526	552	582	616	643	679	709	739	790	824	852	881	911	928	940
20160304	宁波	0	2	17	17	17	17	189	240	280	339	362	362	362	362	362	362	362	362	469	470	474	476	493	509	528	549	583	602	624	640	664	680	696	717	723	725	727
20160305	温州	
20160306	嘉兴	
20160307	湖州	0	2	8	16	24	35	50	60	69	87	98	109	120	120	120	120	120	120	120	120	120	120	177	190	209	225	237	249	262	269	283	283	283	309	312	336	336
20160308	绍兴	None	None	None	None	None	56	72	100	123	148	165	174	190	208	268	282	283	290	290	290	290	293	293	293	299	315	332	342	356	369	377	383	391	398	401	408	408
20160309	金华	0	0	7	26	59	94	125	169	195	230	254	288	288	321	349	349	351	353	353	354	354	355	361	369	387	416	449	481	503	549	585	616	639	663	685	701	703
20160310	衢州	0	0	0	0	0	32	42	53	59	67	76	86	86	94	103	106	106	108	108	108	108	108	108	108	114	121	131	146	160	177	185	201	210	216	222	224	224
20160311	丽水	4	6	12	24	31	42	54	71	82	92	104	109	112	120	123	126	127	127	127	127	127	127	127	127	133	139	152	164	175	186	193	195	199	202	205	206	206
20160312	台州	0	0	0	0	0	0	0	0	0	0	0	0	0	0	0	0	0	0	0	0	0	0	0	0	0	0	0	0	0	0	0	0	0	0	0	0	0
20160313	舟山	
20160314	杭州	0	1	16	45	83	123	154	215	262	292	343	374	415	468	544	564	572	572	572	574	576	581	595	625	651	709	763	820	899	948	1009	1043	1099	1128	1177	1199	1217
20160315	宁波	0	1	10	46	82	115	168	190	231	275	301	313	362	375	378	379	379	379	379	379	380	380	391	422	449	486	511	550	579	603	656	680	708	734	761	778	780
20160316	温州	72	72	74	99	128	149	178	191	236	256	287	304	331	347	353	353	353	353	360	361	361	362	369	373	391	410	442	485	523	559	599	618	640	669	698	722	733
20160317	嘉兴	0	1	2	9	24	41	55	80	125	147	157	167	180	186	189	190	190	190	190	190	190	190	194	200	212	224	241	254	262	277	300	309	317	320	326	329	329
20160318	湖州	0	1	5	41	44	53	65	72	74	78	91	95	102	104	105	106	106	106	106	106	106	106	109	117	126	126	126	126	126	152	156	166	167	169	170	170	170
20160319	绍兴	0	0	0	0	0	0	0	0	0	0	0	0	0	0	0	0	0	0	0	0	0	0	0	0	0	0	0	0	0	0	0	0	0	0	0	0	0
20160320	金华	0	0	0	0	0	0	0	0	0	0	0	0	0	0	0	0	0	0	0	0	0	0	0	0	0	0	0	0	0	0	0	0	0	0	0	0	0
20160321	衢州	5	6	10	19	28	39	58	76	89	106	124	133	133	186	206	212	213	213	214	214	214	214	215	221	241	248	257	266	273	274	279	281	283	286	292	293	294
20160322	丽水	0	0	6	12	25	30	37	53	66	77	83	94	100	121	131	140	140	140	140	140	140	140	140	141	145	155	170	189	201	210	228	244	244	546	280	280	280
20160323	台州	24	45	58	64	82	112	139	151	176	206	218	238	252	273	277	277	277	279	280	280	280	281	283	293	304	325	345	362	380	417	436	461	471	490	496	497	497
20160324	舟山	1	1	2	3	5	7	9	16	22	22	23	28	34	34	34	34	34	34	34	34	34	34	35	41	44	51	53	54	56	60	62	64	64	64	64	64	64
20160325	杭州	0	13	30	55	74	120	154	190	226	226	226	226	226	226	226	226	352	436	437	439	444	449	463	491	533	569	604	626	648	663	677	690	703	746	760	770	773
20160326	宁波	0	0	0	0	0	0	0	0	0	0	0	0	0	0	0	0	0	0	0	0	0	0	0	0	0	0	0	0	0	0	0	0	0	0	0	0	0
20160327	温州	0	0	0	0	0	0	0	0	0	0	0	0	0	0	0	0	0	0	0	0	0	0	0	0	0	0	0	0	0	0	0	0	0	0	0	0	0
20160328	嘉兴	0	5	18	26	42	54	67	90	107	126	129	133	136	140	141	141	141	141	141	142	143	149	163	173	185	200	214	230	246	267	283	297	317	327	330	331	331
20160329	湖州	1	4	16	27	37	46	55	67	83	96	103	112	116	127	132	135	135	135	135	135	135	135	135	135	186	194	202	213	222	230	232	237	237	239	243	243	243
20160330	绍兴	0	0	0	0	0	0	0	36	41	49	54	63	78	85	89	90	90	90	93	97	104	110	113	117	126	142	151	158	166	170	173	179	181	181	182	182	182
20160331	金华	0	4	18	37	62	80	89	102	130	143	157	166	176	180	180	180	180	180	180	183	183	186	206	214	227	245	262	271	276	280	290	300	301	305	304	305	305
20160401	衢州	0	4	18	29	37	46	56	65	71	79	85	90	95	103	107	107	108	109	111	112	115	119	121	133	146	164	174	None	None	None	None	None	None	None	None	None	None
20160402	丽水	
20160403	台州	
20160404	舟山	
